num crossings	time (s)	maj axis (mm)	min axis (mm)	theta (rad )	slope (V/s)
2873	3184.368086	33.944049	1.382428	1.932817	2.164266
2875	3186.443919	33.902465	1.390801	1.932607	2.194647
2877	3188.519961	33.848346	1.396330	1.932600	2.145153
2879	3190.595021	33.825416	1.404107	1.932450	2.091750
2881	3192.670351	33.605347	1.393266	1.924129	2.186146
2883	3194.747738	33.672944	1.424872	1.929084	1.933970
2885	3196.824617	33.957539	1.351681	1.925602	2.183382
2887	3198.900123	34.439150	1.419923	1.929709	2.188380
2889	3200.974920	34.986657	1.268272	1.938358	2.308246
2891	3203.051907	34.817778	1.379364	1.928334	2.049615
2893	3205.126918	34.983960	1.381760	1.927472	2.179586
2895	3207.204267	35.212658	1.374645	1.926779	2.100488
2897	3209.280562	35.878962	1.247000	1.935289	2.416037
2899	3211.355899	35.629507	1.360303	1.925291	2.425846
2901	3213.430915	35.817783	1.357932	1.924594	2.344053
2903	3215.507245	36.024461	1.351994	1.924022	2.256797
2905	3217.581734	36.233351	1.356671	1.923295	2.376854
2907	3219.658639	36.457775	1.338294	1.923019	2.438976
2909	3221.734129	36.634290	1.339623	1.922411	2.403998
2911	3223.809597	36.878233	1.340613	1.922057	2.401248
2913	3225.884607	36.902977	1.347537	1.912778	2.512517
2915	3227.960697	37.305427	1.374413	1.920603	2.550596
2917	3230.036712	38.006075	1.209615	1.931083	2.611351
2919	3232.113438	37.703949	1.345593	1.911149	2.590533
2921	3234.189401	37.957979	1.357273	1.918750	2.639588
2923	3236.265789	38.526073	1.222452	1.930114	2.686932
2925	3238.341799	38.391559	1.304408	1.917551	2.651669
2927	3240.418538	38.983602	1.214816	1.928525	2.678431
2929	3242.495164	38.676065	1.320426	1.910744	2.812975
2931	3244.571200	39.078125	1.345605	1.915169	2.838769
2933	3246.648689	39.707608	1.186276	1.925244	2.808309
2935	3248.725300	39.499227	1.312168	1.914014	2.822013
2937	3250.802378	39.754823	1.299380	1.913427	2.929866
2939	3252.879420	39.964389	1.296040	1.912916	2.880976
2941	3254.955864	40.033882	1.306564	1.906836	2.994921
2943	3257.032915	40.769070	1.247359	1.930207	2.904904
2945	3259.109478	41.072299	1.181939	1.922244	3.055613
2947	3261.186553	41.353182	1.197058	1.922416	3.017290
2949	3263.263198	40.966144	1.293895	1.905585	3.121531
2951	3265.340305	41.262143	1.382407	1.907398	3.192576
2953	3267.416384	41.596532	1.342196	1.908788	3.243146
2955	3269.492949	42.240358	1.175771	1.919533	3.209835
2957	3271.569397	42.095016	1.284931	1.907904	3.304555
2959	3273.646186	42.335684	1.290316	1.907399	3.237198
2961	3275.722266	42.589629	1.280041	1.906784	3.337680
2963	3277.798796	42.832530	1.282544	1.906166	3.392356
2965	3279.874615	42.994641	1.299882	1.901764	3.451006
2967	3281.951058	43.344639	1.354197	1.904492	3.456481
2969	3284.027299	43.588715	1.285280	1.904206	3.570879
2971	3286.103479	44.233906	1.164284	1.913477	3.578833
2973	3288.179371	44.110268	1.278297	1.902939	3.623413
2975	3290.255752	44.368390	1.280747	1.902277	3.672886
2977	3292.331797	45.063534	1.179297	1.912308	3.707987
2979	3294.407901	44.904098	1.295120	1.901354	3.673162
2981	3296.483595	45.317736	5.558823	1.881830	3.758964
2983	3298.559482	45.443350	1.326948	1.899655	3.764647
2985	3300.635120	45.658730	1.307829	1.899839	3.873963
2987	3302.711529	45.939773	1.288761	1.899360	3.931793
2989	3304.787444	46.177759	1.296640	1.898952	3.913419
2991	3306.863539	46.474027	1.300193	1.898149	4.032835
2993	3308.939501	47.313549	5.738419	1.870794	4.096516
2995	3311.016055	47.026239	1.355620	1.896776	4.033464
2997	3313.092448	47.472934	1.310031	1.890162	4.052497
2999	3315.169041	48.676431	2.633584	1.926577	4.297902
3001	3317.245355	50.177250	2.870054	1.930938	4.422943
3003	3319.322037	48.110968	1.363021	1.894551	4.330463
3005	3321.398796	48.303352	1.306056	1.894688	4.316298
3007	3323.475296	48.599626	1.304621	1.893944	4.592995
3009	3325.552010	48.761588	1.309883	1.889166	4.491172
3011	3327.628705	49.186499	1.377132	1.892139	4.374165
3013	3329.705688	49.338143	1.323219	1.892559	4.459997
3015	3331.782529	49.674776	1.308802	1.891976	4.521494
3017	3333.859184	50.415341	1.185231	1.898421	4.685511
3019	3335.936484	50.605371	1.208108	1.898700	4.726937
3021	3338.012573	50.467619	1.319928	1.887128	4.658746
3023	3340.089955	50.817089	1.403491	1.889113	4.758489
3025	3342.166432	51.037467	1.324883	1.889891	4.788299
3027	3344.243513	51.287191	1.320851	1.886759	4.880439
3029	3346.320242	51.631662	1.420297	1.888354	4.879078
3031	3348.396344	51.906343	1.337793	1.888601	5.110082
3033	3350.472689	52.747129	1.223376	1.894762	4.952871
3035	3352.549841	52.459032	1.342755	1.885318	5.131701
3037	3354.626049	52.744268	1.464801	1.887113	5.148186
3039	3356.702355	53.107046	1.432855	1.885446	5.345199
3041	3358.778983	53.448517	1.356803	1.884380	5.155221
3043	3360.855428	53.544469	1.361420	1.886017	5.217781
3045	3362.931565	53.911220	1.358480	1.885104	5.452757
3047	3365.007921	54.158617	1.370814	1.884835	5.450552
3049	3367.083996	55.003372	1.264684	1.890335	5.442898
3051	3369.160501	54.763875	5.854306	1.871968	5.559238
3053	3371.236614	55.949279	1.288547	1.891669	5.750235
3055	3373.312640	55.416044	5.893417	1.869328	5.861487
3057	3375.388859	56.223311	1.320349	1.894176	5.742915
3059	3377.465046	55.874683	1.372141	1.879365	5.702160
3061	3379.541354	56.278662	1.471943	1.880701	5.887490
3063	3381.617868	56.526953	1.404323	1.880878	6.021140
3065	3383.694254	57.382750	1.308715	1.886558	5.999414
3067	3385.770457	56.642240	5.458669	1.882453	6.090978
3069	3387.846916	58.526543	1.332436	1.887814	6.311531
3071	3389.923269	57.757114	1.412224	1.878221	6.077180
3073	3391.999984	58.178701	1.400273	1.886205	6.396351
3075	3394.076296	58.259312	1.411880	1.875721	6.364696
3077	3396.152827	58.564735	1.539044	1.877948	6.428812
3079	3398.229978	58.750266	5.494209	1.874257	6.279949
3081	3400.306393	59.243889	1.527955	1.874047	6.478032
3083	3402.383080	60.216621	1.401762	1.887443	6.446644
3085	3404.459651	59.848088	1.443008	1.882579	6.634802
3087	3406.536524	59.505586	5.479883	1.878409	6.692255
3089	3408.613327	61.765610	1.416806	1.879455	6.745824
3091	3410.690058	60.668144	1.513058	1.882969	6.854366
3093	3412.767149	60.752255	1.523864	1.875336	6.918648
