time (s)	energy (uJ)	charge (mC)	voltage (mV)	crossing#mod 255
3192.790529	24.661539	0.005695	4.330097	64
3193.815028	25.993216	0.005694	4.564795	65
3194.867744	25.413546	0.005690	4.466437	66
3195.888312	27.522251	0.005697	4.830865	67
3196.944390	25.538713	0.005717	4.467075	68
3197.964949	25.326645	0.005699	4.444298	69
3199.017348	26.326195	0.005703	4.616316	70
3200.041380	27.934687	0.005696	4.904037	71
3201.093029	25.556383	0.005687	4.494089	72
3202.119376	27.162868	0.005690	4.773711	73
3203.169400	26.862059	0.005698	4.714046	74
3204.193458	28.548439	0.005703	5.005848	75
3205.247080	26.102751	0.005686	4.590697	76
3206.272506	28.032276	0.005692	4.925237	77
3207.322460	27.247652	0.005690	4.788990	78
3208.346583	28.212217	0.005689	4.959332	79
3209.398521	27.433870	0.005690	4.821795	80
3210.424643	28.569740	0.005701	5.011733	81
3211.472705	27.798719	0.005702	4.874866	82
3212.500722	29.148478	0.005701	5.113136	83
3213.549105	27.884705	0.005690	4.900661	84
3214.579226	29.379473	0.005692	5.161922	85
3215.625295	28.464403	0.005685	5.006760	86
3216.657292	30.365646	0.005686	5.340597	87
3217.699351	28.551575	0.005696	5.012731	88
3218.733410	30.107920	0.005687	5.294121	89
3219.777255	29.102976	0.005687	5.117422	90
3220.809429	30.313360	0.005701	5.317650	91
3221.851903	29.534077	0.005691	5.189765	92
3222.887842	30.749632	0.005686	5.407641	93
3223.926578	29.586847	0.005693	5.197322	94
3224.964469	30.004461	0.005684	5.278801	95
3226.001227	28.765991	0.005685	5.059934	96
3227.041171	31.248566	0.005701	5.480905	97
3228.077682	30.293142	0.005703	5.312006	98
3229.119791	32.353298	0.005712	5.664353	99
3230.154370	30.498833	0.005703	5.348207	100
3231.194276	32.210899	0.005688	5.662538	101
3232.234828	31.236422	0.005683	5.496538	102
3233.271225	32.336613	0.005685	5.687828	103
3234.307430	30.841345	0.005689	5.420949	104
3235.349594	33.470764	0.005696	5.876454	105
3236.383572	32.041180	0.005684	5.637260	106
3237.423678	32.625690	0.005696	5.727648	107
3238.459681	31.739174	0.005674	5.593632	108
3239.501734	34.171738	0.005722	5.971918	109
3240.538176	32.822353	0.005698	5.760238	110
3241.575269	33.961758	0.005696	5.962852	111
3242.615262	33.277454	0.005714	5.823424	112
3243.648714	33.707027	0.005741	5.871118	113
3244.688587	32.941185	0.005697	5.782702	114
3245.729080	35.299541	0.005701	6.191955	115
3246.766997	33.251003	0.005688	5.845939	116
3247.803139	34.755192	0.005690	6.107862	117
3248.843698	33.212414	0.005682	5.844692	118
3249.879658	35.128548	0.005694	6.169441	119
3250.920190	33.867035	0.005689	5.952854	120
3251.954625	35.188583	0.005690	6.183786	121
3252.997571	34.477673	0.005687	6.062850	122
3254.031650	36.422245	0.005687	6.404810	123
3255.075743	35.140339	0.005687	6.179601	124
3256.107784	36.088360	0.005705	6.325809	125
3257.150981	34.513641	0.005679	6.077519	126
3258.183884	37.276619	0.005689	6.552845	127
3259.227953	35.903198	0.005704	6.294751	128
3260.258010	36.997128	0.005692	6.500149	129
3261.304049	35.663307	0.005693	6.264391	130
3262.334054	37.211926	0.005676	6.555494	131
3263.380143	35.874023	0.005685	6.309842	132
3264.410141	37.962795	0.005699	6.661699	133
3265.462159	36.950050	0.005674	6.511953	134
3266.486165	38.311283	0.005691	6.732096	135
3267.534677	36.542721	0.005680	6.433335	136
3268.561820	38.539379	0.005693	6.769026	137
3269.610363	37.085495	0.005704	6.501269	138
3270.638924	38.870373	0.005687	6.834767	139
3271.687423	37.550716	0.005690	6.599898	140
3272.715881	39.882854	0.005713	6.980512	141
3273.763964	37.980541	0.005686	6.679335	142
3274.791969	40.277985	0.005692	7.076794	143
3275.839929	38.106712	0.005682	6.706384	144
3276.868018	39.486477	0.005685	6.945135	145
3277.916105	38.653839	0.005703	6.778104	146
3278.944132	40.453392	0.005686	7.114504	147
3279.994226	38.764076	0.005673	6.832922	148
3281.020255	40.704273	0.005693	7.150011	149
3282.068257	39.472584	0.005699	6.925720	150
3283.098244	41.286484	0.005699	7.243892	151
3284.144733	39.892380	0.005694	7.006131	152
3285.176804	42.396484	0.005691	7.449440	153
3286.220804	39.838654	0.005685	7.007854	154
3287.250825	41.983734	0.005692	7.375803	155
3288.296916	40.414219	0.005688	7.105354	156
3289.328928	42.531494	0.005687	7.478381	157
3290.373106	40.743980	0.005695	7.153845	158
3291.407153	44.578384	0.005687	7.838118	159
3292.449120	41.286575	0.005694	7.250660	160
3293.481075	42.406010	0.005682	7.462631	161
3294.525655	42.036060	0.005722	7.346950	162
3295.557751	42.985916	0.005678	7.569949	163
3296.600210	41.557247	0.005685	7.310335	164
3297.636152	44.162975	0.005692	7.759250	165
3298.676781	42.590969	0.005697	7.475593	166
3299.712771	44.081673	0.005691	7.746015	167
3300.753191	42.892441	0.005683	7.547797	168
3301.789234	44.994923	0.005694	7.901986	169
3302.829222	43.498791	0.005695	7.637798	170
3303.865246	44.401184	0.005684	7.811574	171
3304.905215	44.346111	0.005678	7.809702	172
3305.943252	45.932514	0.005690	8.072827	173
3306.981820	44.280956	0.005683	7.791333	174
3308.021968	46.625557	0.005693	8.190691	175
3309.060549	44.910118	0.005685	7.899215	176
3310.096535	46.496506	0.005688	8.173823	177
3311.133229	44.617146	0.005671	7.867883	178
3312.173487	46.760780	0.005683	8.227921	179
3313.211663	45.590752	0.005695	8.005355	180
3314.250672	47.674637	0.005690	8.378961	181
3315.288687	46.257572	0.005693	8.125957	182
3316.327235	48.351734	0.005696	8.488575	183
3317.367676	46.314659	0.005685	8.146588	184
3318.402168	48.600357	0.005697	8.531426	185
3319.440131	46.598755	0.005683	8.199244	186
3320.478575	48.115849	0.005670	8.486510	187
3321.516642	47.105282	0.005687	8.282391	188
3322.555172	49.110752	0.005692	8.628754	189
3323.593219	47.409740	0.005687	8.336559	190
3324.631230	49.873119	0.005685	8.772291	191
3325.671345	47.444874	0.005694	8.332155	192
3326.708168	50.257191	0.005695	8.825567	193
3327.746272	48.156891	0.005693	8.458501	194
3328.784079	50.266861	0.005685	8.842608	195
3329.827180	48.334835	0.005672	8.522071	196
3330.860222	50.994236	0.005682	8.974985	197
3331.900345	48.972561	0.005697	8.596603	198
3332.936430	51.752155	0.005689	9.097084	199
3333.977005	49.159119	0.005683	8.649764	200
3335.013033	52.376762	0.005702	9.185201	201
3336.053676	49.755241	0.005689	8.745437	202
3337.087657	51.863914	0.005677	9.136385	203
3338.131763	50.379040	0.005701	8.836374	204
3339.163710	52.809315	0.005696	9.270739	205
3340.207666	51.244987	0.005688	9.009463	206
3341.239638	53.076660	0.005692	9.324721	207
3342.284225	50.992352	0.005698	8.949708	208
3343.316294	53.318428	0.005678	9.389915	209
3344.360414	50.687595	0.005684	8.917970	210
3345.392410	53.994812	0.005696	9.478795	211
3346.438353	51.540417	0.005680	9.074269	212
3347.468539	55.082432	0.005710	9.646511	213
3348.514527	51.979134	0.005680	9.151138	214
3349.544667	54.456135	0.005686	9.576885	215
3350.590654	52.380951	0.005689	9.208002	216
3351.622577	55.142235	0.005687	9.696518	217
3352.666854	53.258171	0.005676	9.383184	218
3353.698725	55.742233	0.005690	9.797139	219
3354.742795	52.023396	0.005671	9.173401	220
3355.774794	55.973057	0.005693	9.832026	221
3356.820794	53.539944	0.005685	9.417565	222
3357.851707	55.952538	0.005678	9.854194	223
3358.897304	53.732830	0.005684	9.453129	224
3359.927512	56.780930	0.005691	9.977910	225
3360.973498	54.286285	0.005690	9.541334	226
3362.005494	57.154949	0.005686	10.052560	227
3363.052464	54.148556	0.005671	9.547868	228
3364.081573	57.323750	0.005686	10.081714	229
3365.125614	54.948795	0.005684	9.667051	230
3366.161620	57.480572	0.005693	10.097273	231
3367.202101	55.156754	0.005683	9.705877	232
3368.234202	57.595665	0.005683	10.135383	233
3369.282261	55.314697	0.005679	9.740323	234
3370.310850	57.966755	0.005683	10.199365	235
3371.354719	55.838650	0.005683	9.824996	236
3372.390849	59.040520	0.005683	10.388749	237
3373.432882	56.593906	0.005699	9.930015	238
3374.466897	59.229866	0.005689	10.410669	239
3375.507316	61.101433	0.005680	10.757845	240
3376.543167	58.979332	0.005681	10.382531	241
3377.585475	56.872498	0.005691	9.993752	242
3378.619411	59.494545	0.005688	10.459081	243
3379.659735	57.428932	0.005689	10.095603	244
3380.695956	59.939671	0.005688	10.537613	245
3381.736359	57.764957	0.005676	10.176806	246
3382.774586	118.265083	0.005692	20.778194	247
3383.812490	58.872471	0.005686	10.353657	248
3384.850531	60.338501	0.005681	10.621730	249
3385.887292	58.487865	0.005686	10.286242	250
3386.929185	60.835014	0.005696	10.681072	251
3387.965124	58.768551	0.005687	10.334624	252
3389.007662	60.183598	0.005671	10.613154	253
3390.041686	59.278870	0.005691	10.416914	254
3391.081776	61.858105	0.005726	10.803429	255
3392.117616	59.574913	0.005690	10.470370	0
3393.156288	61.823845	0.005681	10.883254	1
3394.196310	59.992069	0.005695	10.534220	2
3395.232336	62.216644	0.005694	10.926134	3
3396.270835	61.028053	0.005685	10.735176	4
3397.310993	62.349911	0.005688	10.962521	5
3398.347019	60.279156	0.005678	10.616484	6
3399.385043	62.914856	0.005691	11.056063	7
3400.423185	60.555626	0.005680	10.661316	8
3401.463715	63.027573	0.005699	11.059902	9
3402.501505	60.546387	0.005678	10.663649	10
3403.540216	63.126213	0.005694	11.085486	11
3404.576813	61.272350	0.005695	10.759481	12
3405.616840	63.175198	0.005685	11.112334	13
3406.653365	61.261044	0.005682	10.780681	14
3407.695343	62.433903	0.005674	11.003573	15
3408.731311	61.449081	0.005681	10.816067	16
3409.769392	63.449997	0.005690	11.151319	17
3410.807906	61.628948	0.005689	10.833447	18
3411.843959	64.530663	0.005684	11.353925	19
3412.884830	61.684280	0.005696	10.829289	20
3413.918787	64.282394	0.005679	11.318679	21
3414.961282	62.284065	0.005703	10.921961	22
3415.995392	64.508766	0.005679	11.359531	23
