crossing time (s)	slope (V/s)	crossing number
281474976710655.000000	2.114110	3274	0.000000
281474976710655.000000	2.095133	3275	0.000000
281474976710655.000000	2.081164	3276	0.000000
281474976710655.000000	2.061791	3277	0.000000
281474976710655.000000	2.079329	3278	0.000000
281474976710655.000000	2.063025	3279	3970883072.000000
281474976710655.000000	2.131911	3280	3971952896.000000
281474976710655.000000	2.151097	3281	3972965888.000000
281474976710655.000000	2.143150	3282	3974029824.000000
281474976710655.000000	2.179371	3283	3975050240.000000
281474976710655.000000	2.175324	3284	3976106752.000000
281474976710655.000000	2.216019	3285	3977132032.000000
281474976710655.000000	2.209152	3286	3978188544.000000
281474976710655.000000	2.258173	3287	3979216896.000000
281474976710655.000000	2.238269	3288	3980267520.000000
281474976710655.000000	2.298798	3289	3981297152.000000
281474976710655.000000	2.287532	3290	3982349568.000000
281474976710655.000000	2.340779	3291	3983379712.000000
281474976710655.000000	2.322231	3292	3984431104.000000
281474976710655.000000	2.377363	3293	3985457664.000000
281474976710655.000000	2.364510	3294	3986513664.000000
281474976710655.000000	2.416255	3295	3987537152.000000
281474976710655.000000	2.401049	3296	3988596480.000000
281474976710655.000000	2.496978	3297	3989616896.000000
281474976710655.000000	2.463117	3298	3990678272.000000
281474976710655.000000	2.527149	3299	3991695360.000000
281474976710655.000000	2.538743	3300	3992761600.000000
281474976710655.000000	2.553233	3301	3993773824.000000
281474976710655.000000	2.551664	3302	3994845696.000000
281474976710655.000000	2.590882	3303	3995852544.000000
281474976710655.000000	2.593073	3304	3996927744.000000
281474976710655.000000	2.597093	3305	3997932288.000000
281474976710655.000000	2.635126	3306	3999011328.000000
281474976710655.000000	2.653872	3307	4000011776.000000
281474976710655.000000	2.681442	3308	4001092352.000000
281474976710655.000000	2.692567	3309	4002094592.000000
281474976710655.000000	2.705290	3310	4003171584.000000
281474976710655.000000	2.748501	3311	4004176384.000000
281474976710655.000000	2.771842	3312	4005252096.000000
281474976710655.000000	2.825585	3313	4006256896.000000
281474976710655.000000	2.824295	3314	4007329792.000000
281474976710655.000000	2.853255	3315	4008341248.000000
281474976710655.000000	2.813772	3316	4009408512.000000
281474976710655.000000	2.845786	3317	4010425088.000000
281474976710655.000000	2.875784	3318	4011487488.000000
281474976710655.000000	2.922877	3319	4012507904.000000
281474976710655.000000	2.985353	3320	4013566976.000000
281474976710655.000000	2.963211	3321	4014590464.000000
281474976710655.000000	3.010336	3322	4015646464.000000
281474976710655.000000	2.963924	3323	4016674560.000000
281474976710655.000000	3.047550	3324	4017723904.000000
281474976710655.000000	3.016829	3325	4018756864.000000
281474976710655.000000	3.129637	3326	4019804416.000000
281474976710655.000000	3.130390	3327	4020838144.000000
281474976710655.000000	3.180449	3328	4021885184.000000
281474976710655.000000	3.164933	3329	4022919680.000000
281474976710655.000000	3.205459	3330	4023965184.000000
281474976710655.000000	3.176453	3331	4025001472.000000
281474976710655.000000	3.304785	3332	4026045440.000000
281474976710655.000000	3.266442	3333	4027083008.000000
281474976710655.000000	3.366833	3334	4028125184.000000
281474976710655.000000	3.295541	3335	4029165312.000000
281474976710655.000000	3.353185	3336	4030206720.000000
281474976710655.000000	3.347544	3337	4031245056.000000
281474976710655.000000	3.435572	3338	4032287744.000000
281474976710655.000000	3.358281	3339	4033326592.000000
281474976710655.000000	3.464130	3340	4034369536.000000
281474976710655.000000	3.483497	3341	4035406336.000000
281474976710655.000000	3.483718	3342	4036450304.000000
281474976710655.000000	3.479461	3343	4037486592.000000
281474976710655.000000	3.603351	3344	4038531072.000000
281474976710655.000000	3.553304	3345	4039565824.000000
281474976710655.000000	3.601104	3346	4040614144.000000
281474976710655.000000	3.594575	3347	4041646592.000000
281474976710655.000000	3.626777	3348	4042693888.000000
281474976710655.000000	3.540205	3349	4043727360.000000
281474976710655.000000	3.633341	3350	4044776448.000000
281474976710655.000000	3.615166	3351	4045806336.000000
281474976710655.000000	3.612827	3352	4046858496.000000
281474976710655.000000	3.736130	3353	4047884800.000000
281474976710655.000000	3.679711	3354	4048940288.000000
281474976710655.000000	3.775935	3355	4049964544.000000
281474976710655.000000	3.778172	3356	4051023360.000000
281474976710655.000000	3.810838	3357	4052044288.000000
281474976710655.000000	3.784810	3358	4053105152.000000
281474976710655.000000	3.896492	3359	4054121728.000000
281474976710655.000000	3.934632	3360	4055187968.000000
281474976710655.000000	3.976698	3361	4056202496.000000
281474976710655.000000	3.892561	3362	4057269504.000000
281474976710655.000000	3.977578	3363	4058282240.000000
281474976710655.000000	3.915038	3364	4059351040.000000
281474976710655.000000	4.026322	3365	4060362496.000000
281474976710655.000000	4.058183	3366	4061433088.000000
281474976710655.000000	4.055051	3367	4062441984.000000
281474976710655.000000	4.094148	3368	4063513856.000000
281474976710655.000000	4.060824	3369	4064523008.000000
281474976710655.000000	4.048490	3370	4065593856.000000
281474976710655.000000	4.189613	3371	4066603008.000000
281474976710655.000000	4.166454	3372	4067673088.000000
281474976710655.000000	4.276098	3373	4068687360.000000
281474976710655.000000	4.363554	3374	4069751808.000000
281474976710655.000000	4.370713	3375	4070768896.000000
281474976710655.000000	4.408009	3376	4071831808.000000
281474976710655.000000	4.315821	3377	4072850944.000000
281474976710655.000000	4.368757	3378	4073911040.000000
281474976710655.000000	4.312782	3379	4074932480.000000
281474976710655.000000	4.330551	3380	4075990528.000000
281474976710655.000000	4.357571	3381	4077015040.000000
281474976710655.000000	4.382071	3382	4078070528.000000
281474976710655.000000	4.407230	3383	4079097088.000000
281474976710655.000000	4.421065	3384	4080149248.000000
281474976710655.000000	4.456868	3385	4081177344.000000
281474976710655.000000	4.393775	3386	4082229504.000000
281474976710655.000000	4.598754	3387	4083259136.000000
281474976710655.000000	4.497618	3388	4084311808.000000
281474976710655.000000	4.716657	3389	4085338880.000000
281474976710655.000000	4.590218	3390	4086392576.000000
281474976710655.000000	4.735705	3391	4087419136.000000
281474976710655.000000	4.639843	3392	4088474112.000000
281474976710655.000000	4.633964	3393	4089497344.000000
281474976710655.000000	4.699348	3394	4090555648.000000
281474976710655.000000	4.782625	3395	4091576832.000000
281474976710655.000000	4.645521	3396	4092636416.000000
281474976710655.000000	4.693197	3397	4093656320.000000
281474976710655.000000	4.742472	3398	4094719232.000000
281474976710655.000000	4.738822	3399	4095735808.000000
281474976710655.000000	4.758856	3400	4096801024.000000
281474976710655.000000	4.809012	3401	4097815808.000000
281474976710655.000000	4.737680	3402	4098881536.000000
281474976710655.000000	4.892354	3403	4099895808.000000
281474976710655.000000	5.015099	3404	4100963840.000000
281474976710655.000000	4.937501	3405	4101975552.000000
281474976710655.000000	4.977432	3406	4103043328.000000
281474976710655.000000	4.940007	3407	4104056064.000000
281474976710655.000000	5.021643	3408	4105123584.000000
281474976710655.000000	4.919402	3409	4106137600.000000
281474976710655.000000	4.969350	3410	4107203840.000000
281474976710655.000000	5.087224	3411	4108218368.000000
281474976710655.000000	5.009355	3412	4109283328.000000
281474976710655.000000	4.949667	3413	4110299392.000000
281474976710655.000000	5.035863	3414	4111363328.000000
281474976710655.000000	5.071087	3415	4112381440.000000
281474976710655.000000	4.865286	3416	4113442048.000000
281474976710655.000000	5.093556	3417	4114462208.000000
281474976710655.000000	5.110168	3418	4115522560.000000
281474976710655.000000	5.173331	3419	4116543232.000000
281474976710655.000000	5.282253	3420	4117601792.000000
281474976710655.000000	5.196226	3421	4118625024.000000
281474976710655.000000	5.254697	3422	4119681792.000000
281474976710655.000000	5.159244	3423	4120705024.000000
281474976710655.000000	5.263503	3424	4121761536.000000
281474976710655.000000	5.215011	3425	4122786304.000000
281474976710655.000000	5.381205	3426	4123840768.000000
281474976710655.000000	5.352256	3427	4124867072.000000
281474976710655.000000	5.200881	3428	4125921024.000000
281474976710655.000000	5.323204	3429	4126948608.000000
281474976710655.000000	5.122981	3430	4128001536.000000
281474976710655.000000	5.588924	3431	4129028864.000000
281474976710655.000000	5.256549	3432	4130082304.000000
281474976710655.000000	5.362803	3433	4131108608.000000
281474976710655.000000	5.253876	3434	4132162304.000000
281474976710655.000000	5.513805	3435	4133189376.000000
281474976710655.000000	5.466174	3436	4134243072.000000
281474976710655.000000	5.532286	3437	4135268352.000000
281474976710655.000000	5.332054	3438	4136323840.000000
281474976710655.000000	5.593936	3439	4137348608.000000
281474976710655.000000	5.581565	3440	4138404608.000000
281474976710655.000000	5.526066	3441	4139428608.000000
281474976710655.000000	5.722118	3442	4140486400.000000
281474976710655.000000	5.490496	3443	4141508096.000000
281474976710655.000000	5.618814	3444	4142567680.000000
281474976710655.000000	5.573932	3445	4143587328.000000
281474976710655.000000	5.553829	3446	4144648192.000000
281474976710655.000000	5.557936	3447	4145667328.000000
281474976710655.000000	5.741852	3448	4146728960.000000
281474976710655.000000	5.644994	3449	4147747072.000000
281474976710655.000000	5.460068	3450	4148810240.000000
281474976710655.000000	5.859424	3451	4149827072.000000
281474976710655.000000	5.800254	3452	4150890752.000000
281474976710655.000000	5.829376	3453	4151905536.000000
281474976710655.000000	5.611304	3454	4152972288.000000
281474976710655.000000	5.744299	3455	4153986560.000000
281474976710655.000000	5.843247	3456	4155052032.000000
281474976710655.000000	5.782980	3457	4156067072.000000
281474976710655.000000	6.127127	3458	4157133056.000000
281474976710655.000000	5.922866	3459	4158148096.000000
281474976710655.000000	5.923260	3460	4159212288.000000
281474976710655.000000	5.870994	3461	4160228352.000000
281474976710655.000000	6.034700	3462	4161292288.000000
281474976710655.000000	5.907502	3463	4162310144.000000
281474976710655.000000	5.875969	3464	4163371776.000000
281474976710655.000000	5.779676	3465	4164391680.000000
281474976710655.000000	5.825049	3466	4165451008.000000
281474976710655.000000	6.006324	3467	4166472192.000000
281474976710655.000000	5.952713	3468	4167530240.000000
281474976710655.000000	5.887888	3469	4168553472.000000
281474976710655.000000	5.986837	3470	4169609984.000000
281474976710655.000000	6.153728	3471	4170634240.000000
281474976710655.000000	5.968873	3472	4171689216.000000
281474976710655.000000	6.182218	3473	4172715520.000000
281474976710655.000000	6.073050	3474	4173769472.000000
281474976710655.000000	5.983056	3475	4174796544.000000
281474976710655.000000	6.388832	3476	4175848704.000000
281474976710655.000000	6.290257	3477	4176876800.000000
281474976710655.000000	6.056629	3478	4177929728.000000
281474976710655.000000	6.139313	3479	4178956800.000000
281474976710655.000000	6.095665	3480	4180010496.000000
281474976710655.000000	6.309913	3481	4181036032.000000
281474976710655.000000	6.108104	3482	4182091520.000000
281474976710655.000000	6.311148	3483	4183115776.000000
281474976710655.000000	6.108130	3484	4184172032.000000
281474976710655.000000	6.267749	3485	4185195264.000000
281474976710655.000000	6.168233	3486	4186253056.000000
281474976710655.000000	6.517592	3487	4187274496.000000
281474976710655.000000	6.434924	3488	4188334336.000000
281474976710655.000000	6.385373	3489	4189353472.000000
281474976710655.000000	6.358392	3490	4190416128.000000
281474976710655.000000	6.343524	3491	4191433216.000000
