num crossings	time (s)	maj axis (mm)	min axis (mm)	theta (rad )	slope (V/s)
3273	3963.470931	34.557045	0.106869	-1.604840	2.007503
3275	3965.548293	33.761758	0.174230	-1.597919	2.135302
3277	3967.625844	33.765783	0.080431	-1.604653	2.113436
3279	3969.702225	33.852973	0.094808	-1.601731	1.992397
3281	3971.781008	33.962965	0.521964	-1.598005	2.040107
3283	3973.858427	35.848362	-0.003451	-1.585438	2.202351
3285	3975.935165	31.742661	0.178882	-1.627225	2.079043
3287	3978.016519	34.621322	0.487299	-1.598680	2.239823
3289	3980.095768	35.797653	0.057122	-1.598874	1.979576
3291	3982.177553	32.011612	0.795492	-1.588600	2.054294
3293	3984.259140	35.498038	0.010072	-1.588476	2.259333
3295	3986.341591	36.655181	-0.000859	-1.599996	2.270688
3297	3988.424423	36.876177	0.569271	-1.598761	2.331572
3299	3990.506320	37.075045	0.029796	-1.602302	2.422755
3301	3992.589562	37.704746	-0.067105	-1.592624	2.487495
3303	3994.673577	37.597285	0.002642	-1.601212	2.582620
3305	3996.755702	39.870140	-0.198437	-1.596884	2.561055
3307	3998.839417	38.014863	0.459991	-1.617284	2.566981
3309	4000.920461	38.863715	0.030437	-1.603333	2.651883
3311	4002.999934	37.008796	0.588354	-1.590917	2.639203
3313	4005.080287	50.232817	-3.035953	-1.589662	2.721084
3315	4007.158311	39.693293	0.037237	-1.606032	2.916772
3317	4009.236828	40.115570	0.056329	-1.607137	2.875541
3319	4011.315656	40.658893	0.183092	-1.606003	2.700895
3321	4013.395151	40.787104	0.032451	-1.609770	2.898624
3323	4015.474746	40.562813	-0.050942	-1.607185	2.848891
3325	4017.552418	39.326807	0.203863	-1.629990	2.939416
3327	4019.632704	42.816767	-0.044444	-1.604336	2.974095
3329	4021.713451	41.932065	0.001757	-1.611062	3.122209
3331	4023.793457	41.823183	0.458656	-1.610342	3.045633
3333	4025.873682	42.838542	0.035928	-1.612586	3.146589
3335	4027.953314	42.725686	0.038769	-1.611796	3.119723
3337	4030.034799	42.942249	0.059799	-1.612656	3.277812
3339	4032.116001	44.443981	0.566745	-1.610955	3.313862
3341	4034.197424	43.592951	0.062094	4.670731	3.373292
3343	4036.278584	44.247072	0.058289	4.669305	3.609658
3345	4038.359302	44.102149	0.059141	4.669765	3.565792
3347	4040.442017	57.116577	-2.364980	-1.601745	3.431947
3349	4042.522141	44.598055	-0.051085	-1.614181	3.440036
3351	4044.604327	45.000787	0.069725	-1.614750	3.571003
3353	4046.686390	45.819010	0.100508	4.668046	3.670213
3355	4048.768333	45.547543	0.409018	4.671590	3.701439
3357	4050.851350	46.041445	0.067757	4.666628	3.811552
3359	4052.933112	46.395323	0.063893	4.666461	3.770468
3361	4055.015967	48.505026	-0.040650	-1.613550	3.903372
3363	4057.097423	46.652880	0.029453	-1.617902	3.887396
3365	4059.179006	46.303272	0.171197	4.662781	3.883656
3367	4061.261087	47.585775	0.116213	4.662735	4.094661
3369	4063.341991	55.117723	-3.326325	4.696671	4.022732
3371	4065.422082	47.132756	0.205430	4.658524	4.034825
3373	4067.501403	48.020170	0.132383	4.662579	4.098439
3375	4069.580157	48.703677	0.185274	4.662477	4.275350
3377	4071.659962	50.253218	-3.603219	4.695004	4.328514
3379	4073.739303	50.423690	2.780935	4.705993	4.323514
3381	4075.818635	49.220976	-0.012525	4.664294	4.270311
3383	4077.898773	49.489758	0.105985	4.663995	4.366103
3385	4079.977488	49.731200	-0.013382	4.663495	4.301551
3387	4082.057742	54.569010	-4.619868	4.719908	4.334732
3389	4084.139705	50.317777	-0.050415	4.663378	4.444229
3391	4086.220863	46.922056	-5.137860	4.728454	4.599662
3393	4088.302164	48.572275	-0.163492	4.663882	4.741558
3395	4090.383600	50.222595	0.159537	4.653403	4.544040
3397	4092.464585	51.295638	0.072449	4.662971	4.794135
3399	4094.547271	51.503159	0.012266	4.663044	4.573887
3401	4096.629018	51.651640	0.015231	4.662354	4.809570
3403	4098.709812	51.871148	-0.096419	4.661870	4.893342
3405	4100.791775	50.639135	0.275690	4.657512	4.728241
3407	4102.871476	51.889677	0.026541	4.662005	4.904761
3409	4104.951754	52.517978	0.017715	4.660756	5.023275
3411	4107.032027	52.141689	0.132246	4.657308	4.969146
3413	4109.111587	53.159662	0.048230	4.659337	5.100330
3415	4111.191584	52.239629	0.461304	4.670297	5.045721
3417	4113.270276	32.184478	5.544988	4.706395	5.026589
3419	4115.350730	51.414407	0.258861	4.656956	5.212062
3421	4117.430004	53.926875	0.342369	4.665964	5.146144
3423	4119.510089	54.033625	0.047525	4.657349	5.151177
3425	4121.589670	53.078717	0.370078	4.673288	5.342209
3427	4123.668969	54.999460	0.364944	4.662303	5.152384
3429	4125.749202	54.542879	0.050091	4.657870	5.168126
3431	4127.829788	53.434367	-0.048493	4.644558	5.330880
3433	4129.910647	55.030861	0.001268	4.659717	5.423985
3435	4131.990465	54.704639	0.089532	4.656130	5.492914
3437	4134.071315	56.095445	-0.078998	4.653651	5.528216
3439	4136.152096	56.240283	0.127585	4.659422	5.464641
3441	4138.232834	56.469620	3.007654	4.697168	5.541085
3443	4140.314376	53.974235	0.255107	4.660888	5.664770
3445	4142.395673	55.242173	4.348693	4.668837	5.352569
3447	4144.476466	56.324379	0.079084	4.656094	5.501103
3449	4146.557239	56.918299	0.212922	4.662473	5.692355
3451	4148.638507	55.481304	0.153575	4.649531	5.591364
3453	4150.718970	56.535097	0.151086	4.651464	5.939817
3455	4152.800302	56.724088	0.301083	4.661333	5.718063
3457	4154.880239	54.737675	0.349290	4.668760	5.821093
3459	4156.961392	57.606744	0.051254	4.656599	5.887421
3461	4159.040627	57.281294	0.105859	4.654244	5.904087
3463	4161.120536	58.831223	0.012989	4.653917	5.811878
3465	4163.199902	57.402397	0.122091	4.656269	5.968676
3467	4165.279263	57.409650	0.092162	4.656737	5.861873
3469	4167.358590	58.195666	0.082476	4.656716	6.010457
3471	4169.438152	58.312696	0.024490	4.658477	6.013184
3473	4171.517350	58.407845	0.068484	4.657299	6.116026
3475	4173.597686	58.402534	0.108288	4.654817	6.144154
3477	4175.676957	58.639051	0.058737	4.655575	5.909470
3479	4177.757925	59.850737	0.001746	4.652617	6.232749
3481	4179.838687	60.651881	2.800301	4.689203	6.164143
3483	4181.919639	58.851835	0.075238	4.658205	6.303966
3485	4184.000175	59.427377	-0.018257	4.655421	6.294734
3487	4186.081392	59.084543	0.145235	4.654501	6.224248
3489	4188.162626	60.345068	0.028073	4.658935	6.505738
3491	4190.244042	58.798964	0.145276	4.650308	6.294396
