time (s)	energy (uJ)	charge (mC)	voltage (mV)	crossing#mod 255
2042.628395	38.004963	0.009108	4.172760	4
2043.676651	38.652843	0.009114	4.241212	5
2044.708615	36.974865	0.009104	4.061309	6
2045.758894	35.917770	0.009126	3.935861	7
2046.790707	38.860657	0.009124	4.259119	8
2047.835125	39.372631	0.009131	4.312174	9
2048.871004	37.274105	0.009128	4.083583	10
2049.915887	37.189819	0.009115	4.080249	11
2050.951869	39.080772	0.009106	4.291731	12
2051.992251	39.186596	0.009132	4.290899	13
2053.035594	37.132423	0.009104	4.078754	14
2054.070122	40.671001	0.009126	4.456390	15
2055.114628	37.319477	0.009118	4.093101	16
2056.150576	39.378387	0.009106	4.324377	17
2057.197909	38.173794	0.009125	4.183429	18
2058.224193	41.793629	0.009105	4.590131	19
2059.277175	36.133663	0.009081	3.979250	20
2060.305565	39.170784	0.009112	4.298625	21
2061.362064	38.633118	0.009106	4.242720	22
2062.382303	42.682457	0.009153	4.662982	23
2063.438159	35.982433	0.009106	3.951323	24
2064.464120	39.553486	0.009106	4.343652	25
2065.514914	39.803635	0.009092	4.377867	26
2066.542814	41.256264	0.009102	4.532781	27
2067.597898	36.313709	0.009106	3.987721	28
2068.624186	38.753983	0.009102	4.257812	29
2069.674076	39.990429	0.009118	4.385732	30
2070.702269	40.281029	0.009098	4.427499	31
2071.752100	37.337959	0.009108	4.099527	32
2072.782084	39.043419	0.009103	4.288948	33
2073.830766	40.163074	0.009129	4.399531	34
2074.860284	40.063774	0.009101	4.402274	35
2075.910913	37.980980	0.009120	4.164382	36
2076.939175	40.240112	0.009096	4.423757	37
2077.989188	39.512383	0.009088	4.347681	38
2079.016855	40.640873	0.009126	4.453292	39
2080.069639	37.065536	0.009118	4.064953	40
2081.095628	40.335106	0.009107	4.429034	41
2082.146741	39.059303	0.009100	4.292311	42
2083.172977	39.901184	0.009107	4.381600	43
2084.226975	36.414577	0.009091	4.005514	44
2085.254045	39.653198	0.009123	4.346513	45
2086.302686	38.664658	0.009094	4.251554	46
2087.333601	38.492130	0.009118	4.221686	47
2088.382551	36.853294	0.009104	4.048165	48
2089.414734	38.534561	0.009098	4.235519	49
2090.459572	37.369629	0.009101	4.106213	50
2091.493566	37.807098	0.009082	4.162726	51
2092.534111	38.163937	0.009088	4.199257	52
2093.572507	38.411938	0.009103	4.219649	53
2094.612414	37.374043	0.009098	4.107862	54
2095.653378	37.728546	0.009104	4.144101	55
2096.687919	38.958946	0.009117	4.273441	56
2097.731802	36.815041	0.009119	4.037199	57
2098.771264	35.556034	0.009084	3.914243	58
2099.813213	36.704906	0.009106	4.030907	59
2100.842342	38.955921	0.009117	4.273005	60
2101.890169	35.392807	0.009089	3.894181	61
2102.922023	36.414753	0.009104	3.999985	62
2103.968111	36.276295	0.009103	3.985156	63
2104.998361	38.451214	0.009118	4.217067	64
2106.046077	34.828228	0.009102	3.826398	65
2107.078108	36.244987	0.009099	3.983377	66
2108.125852	36.007244	0.009107	3.953836	67
2109.154593	37.637604	0.009122	4.126240	68
2110.202096	34.107327	0.009099	3.748631	69
2111.235896	35.168484	0.009103	3.863272	70
2112.279160	35.193596	0.009120	3.859043	71
2113.311115	36.905373	0.009116	4.048466	72
2114.357080	33.703339	0.009106	3.701360	73
2115.389210	35.538040	0.009122	3.895949	74
2116.435393	34.953274	0.009137	3.825287	75
2117.465538	36.171101	0.009118	3.966899	76
2118.514860	32.627563	0.009111	3.580951	77
2119.546035	34.355747	0.009099	3.775916	78
2120.592964	33.701820	0.009089	3.707877	79
2121.621535	35.674648	0.009112	3.915052	80
2122.669218	32.214603	0.009099	3.540521	81
2123.701147	34.323944	0.009097	3.772949	82
2124.745509	33.988258	0.009101	3.734529	83
2125.777963	34.698219	0.009121	3.804332	84
2126.821988	33.189018	0.009110	3.643018	85
2127.857876	33.656937	0.009118	3.691091	86
2128.899441	33.044689	0.009096	3.632830	87
2129.937334	33.130623	0.009101	3.640242	88
2130.974477	32.291748	0.009110	3.544770	89
2132.016101	32.573170	0.009090	3.583399	90
2133.052128	32.471699	0.009120	3.560433	91
2134.093560	32.705036	0.009095	3.595829	92
2135.127082	32.695713	0.009107	3.590362	93
2136.173708	32.093399	0.009094	3.528949	94
2137.203875	31.659348	0.009103	3.477901	95
2138.251891	31.084841	0.009101	3.415487	96
2139.280202	31.899521	0.009102	3.504824	97
2140.329810	31.691160	0.009093	3.485301	98
2141.356603	31.446861	0.009095	3.457581	99
2142.406055	31.379999	0.009078	3.456821	100
2143.434424	31.746950	0.009121	3.480720	101
2144.484038	31.236391	0.009121	3.424672	102
2145.513782	29.811392	0.009103	3.274925	103
2146.560553	31.261145	0.009093	3.437902	104
2147.588477	30.661510	0.009114	3.364237	105
2148.638059	30.810471	0.009097	3.386834	106
2149.666430	30.031549	0.009106	3.297822	107
2150.716163	29.783298	0.009100	3.272779	108
2151.742766	29.999950	0.009127	3.286982	109
2152.794218	30.265793	0.009116	3.320033	110
2153.822197	29.116800	0.009097	3.200845	111
2154.870328	29.206032	0.009091	3.212554	112
2155.898609	29.684252	0.009108	3.259162	113
2156.946199	30.093916	0.009106	3.304899	114
2157.975044	28.981853	0.009112	3.180653	115
2159.026351	28.334875	0.009124	3.105385	116
2160.052553	29.214960	0.009100	3.210435	117
2161.101039	29.499149	0.009121	3.234099	118
2162.130662	27.812550	0.009098	3.057134	119
2163.180405	28.353201	0.009089	3.119564	120
2164.207218	28.572863	0.009116	3.134197	121
2165.256532	28.004599	0.009101	3.077000	122
2166.285650	27.980146	0.009122	3.067413	123
2167.330757	28.359552	0.009092	3.119095	124
2168.362525	28.193207	0.009121	3.091167	125
2169.406427	28.824980	0.009115	3.162465	126
2170.442062	27.107634	0.009080	2.985265	127
2171.484000	27.837032	0.009134	3.047608	128
2172.520765	26.938499	0.009102	2.959689	129
2173.557730	28.653658	0.009097	3.149686	130
2174.599205	26.760344	0.009095	2.942453	131
2175.634368	28.128782	0.009107	3.088837	132
2176.676751	26.242085	0.009111	2.880292	133
2177.710892	27.690649	0.009105	3.041323	134
2178.753826	26.068661	0.009094	2.866494	135
2179.787622	27.254389	0.009121	2.988239	136
2180.831090	26.451111	0.009094	2.908735	137
2181.862231	27.628057	0.009101	3.035849	138
2182.908531	26.093725	0.009099	2.867858	139
2183.939445	27.682173	0.009126	3.033288	140
2184.985341	25.739468	0.009116	2.823456	141
2186.017037	26.754889	0.009098	2.940894	142
2187.061691	26.058552	0.009104	2.862459	143
2188.093544	27.021538	0.009114	2.964806	144
2189.139254	24.864166	0.009101	2.732147	145
2190.171008	26.679092	0.009098	2.932294	146
2191.222950	22.802088	0.009080	2.511305	147
2192.248977	25.474316	0.009106	2.797411	148
2193.293602	25.133165	0.009101	2.761595	149
2194.323898	27.335476	0.009097	3.004797	150
2195.369483	22.490242	0.009100	2.471433	151
2196.399919	25.997028	0.009108	2.854165	152
2197.447334	24.457439	0.009103	2.686775	153
2198.479479	26.004782	0.009084	2.862675	154
2199.521819	24.871449	0.009122	2.726538	155
2200.555888	25.927198	0.009095	2.850770	156
2201.600409	23.983532	0.009057	2.647993	157
2202.632655	25.330450	0.009096	2.784664	158
2203.676580	23.960127	0.009098	2.633478	159
2204.710479	25.344360	0.009092	2.787627	160
2205.751701	24.326283	0.009119	2.667593	161
2206.791026	24.029249	0.009073	2.648492	162
2207.827823	25.605484	0.009097	2.814615	163
2208.865863	23.868252	0.009098	2.623600	164
2209.901845	24.016294	0.009104	2.637856	165
2210.944376	24.567715	0.009113	2.695903	166
2211.978634	23.760927	0.009089	2.614250	167
2213.021417	24.414370	0.009093	2.684882	168
2214.055428	23.109947	0.009093	2.541631	169
2215.097428	25.168406	0.009101	2.765519	170
2216.131129	22.823454	0.009096	2.509100	171
2217.175911	24.614252	0.009096	2.706194	172
2218.206361	23.675890	0.009129	2.593578	173
2219.252456	24.262691	0.009102	2.665581	174
2220.283707	22.896433	0.009093	2.518119	175
2221.330230	23.930229	0.009113	2.625849	176
2222.357162	23.937237	0.009112	2.627019	177
2223.407879	23.471889	0.009088	2.582701	178
2224.436027	22.655846	0.009096	2.490851	179
2225.484174	23.447525	0.009095	2.577936	180
2226.513868	22.250204	0.009100	2.445049	181
2227.561863	22.963247	0.009099	2.523581	182
2228.588658	22.147932	0.009110	2.431222	183
2229.635937	23.789522	0.009099	2.614608	184
2230.666048	22.578629	0.009089	2.484291	185
2231.713448	23.216450	0.009100	2.551397	186
2232.743008	21.524944	0.009093	2.367137	187
2233.790998	23.122250	0.009113	2.537274	188
2234.819553	21.543983	0.009094	2.368979	189
2235.866326	23.852921	0.009114	2.617303	190
2236.895870	21.870823	0.009101	2.403233	191
2237.943706	22.956823	0.009097	2.523615	192
2238.971575	21.815565	0.009096	2.398453	193
2240.023638	21.750605	0.009101	2.389813	194
2241.049731	21.316833	0.009093	2.344313	195
2242.095911	22.474297	0.009096	2.470850	196
2243.126196	21.480326	0.009115	2.356482	197
2244.171808	22.544380	0.009097	2.478304	198
2245.203628	21.114233	0.009097	2.321020	199
2246.247785	22.299145	0.009095	2.451797	200
2247.280575	21.270020	0.009078	2.343044	201
2248.323754	22.180597	0.009107	2.435457	202
2249.358334	21.308123	0.009086	2.345222	203
2250.398884	22.265705	0.009104	2.445575	204
2251.435687	21.417513	0.009119	2.348797	205
2252.476873	21.315231	0.009095	2.343508	206
2253.513449	21.269289	0.009103	2.336627	207
2254.549712	22.150167	0.009113	2.430586	208
2255.590479	21.202156	0.009121	2.324445	209
2256.626178	21.806942	0.009115	2.392473	210
2257.667769	18.670984	0.009082	2.055716	211
2258.699250	22.708963	0.009084	2.499792	212
2259.750036	19.075651	0.009080	2.100800	213
2260.779279	21.303394	0.009103	2.340191	214
2261.821816	20.616053	0.009107	2.263774	215
2262.854412	21.651930	0.009092	2.381404	216
2263.899584	19.862591	0.009108	2.180810	217
2264.930731	20.880630	0.009108	2.292541	218
2265.974872	20.036047	0.009116	2.197938	219
2267.006950	21.632137	0.009089	2.380076	220
2268.049713	20.638691	0.009081	2.272762	221
