time (s)	energy (uJ)	charge (mC)	voltage (mV)	crossing#mod 255
5390.899367	137.489426	0.000589	233.306122	17
5391.966750	60.025269	0.000257	233.529877	18
5392.983335	55.895668	0.000239	233.892960	19
5394.054911	59.729755	0.000255	233.818100	20
5395.068162	51.308163	0.000220	233.287399	21
5396.142101	201.440598	0.000862	233.627396	22
5397.151458	105.698830	0.000454	232.812576	23
5398.224765	58.789658	0.000252	233.450455	24
5399.236548	60.858410	0.000261	233.201965	25
5400.313013	62.213211	0.000267	232.990738	26
5401.319052	56.711433	0.000243	233.542252	27
5402.400021	56.042061	0.000240	233.809494	28
5403.400763	60.747143	0.000261	232.748276	29
5404.485020	55.914265	0.000240	233.233963	30
5405.487361	76.383102	0.000328	233.184601	31
5406.570219	57.112293	0.000245	233.262802	32
5407.571999	61.678856	0.000264	233.242294	33
5408.654915	55.426823	0.000237	233.810257	34
5409.656979	60.765476	0.000260	233.394913	35
5410.739227	55.199875	0.000237	233.135681	36
5411.742824	96.124847	0.000412	233.185059	37
5412.819690	55.458027	0.000238	233.373169	38
5413.826472	62.882244	0.000269	233.516449	39
5414.907246	76.254028	0.000327	233.163315	40
5415.911136	60.902657	0.000261	233.595703	41
5416.984974	56.423126	0.000241	233.708786	42
5417.996978	61.115067	0.000262	233.345383	43
5419.068499	99.059532	0.000424	233.380112	44
5420.079086	61.119186	0.000261	233.825043	45
5421.150789	53.971100	0.000231	233.706665	46
5422.166546	57.507809	0.000247	233.075897	47
5423.232607	56.882271	0.000244	233.114990	48
5424.249824	59.249588	0.000254	233.698502	49
5425.315430	56.430046	0.000242	233.581512	50
5426.331126	57.627724	0.000247	233.700790	51
5427.400055	51.474003	0.000221	233.316696	52
5428.415392	55.410477	0.000237	233.873962	53
5429.481957	54.198772	0.000232	233.242569	54
5430.498876	56.501804	0.000242	233.633911	55
5431.564778	172.176010	0.000737	233.717224	56
5432.581569	54.686874	0.000234	233.600845	57
5433.649780	51.691956	0.000222	233.364563	58
5434.663180	52.857029	0.000227	233.171158	59
5435.733028	51.105370	0.000219	233.662872	60
5436.745580	53.521370	0.000230	233.135391	61
5437.815608	48.958382	0.000210	233.621826	62
5438.824416	53.874199	0.000231	233.261902	63
5439.898481	48.307129	0.000207	233.719193	64
5440.906564	51.939564	0.000222	233.587708	65
5441.980968	49.415653	0.000211	233.663193	66
5442.989208	160.099045	0.000685	233.619736	67
5444.065747	48.187119	0.000206	233.868820	68
5445.071428	49.411274	0.000212	233.229279	69
5446.145789	46.346146	0.000198	233.712402	70
5447.153173	48.838978	0.000210	232.777283	71
5448.226647	47.059776	0.000202	233.284836	72
5449.237318	47.653446	0.000204	233.208298	73
5450.309343	46.606152	0.000200	233.221283	74
5451.319304	48.400959	0.000208	232.740723	75
5452.390559	47.942646	0.000206	233.094315	76
5453.400965	46.698559	0.000200	233.360184	77
5454.471440	45.713135	0.000196	233.248459	78
5455.483088	46.323994	0.000198	233.522934	79
5456.551859	45.825451	0.000196	233.689911	80
5457.566575	43.773888	0.000187	233.541809	81
5458.636265	44.044613	0.000189	232.546127	82
5459.648790	42.688782	0.000183	233.558105	83
5460.714925	43.516228	0.000187	233.234741	84
5461.731778	43.194996	0.000185	233.036499	85
5462.794197	44.068813	0.000189	233.557068	86
5463.813882	53.696812	0.000230	233.045853	87
5464.876289	42.335266	0.000181	233.305389	88
5465.895602	41.881561	0.000180	233.059891	89
5466.957256	41.235481	0.000177	233.567322	90
5467.975967	41.515385	0.000177	233.925125	91
5469.037992	42.000053	0.000180	233.302948	92
5470.057140	41.007851	0.000176	233.386749	93
5471.121029	40.554260	0.000174	233.131287	94
5472.139079	38.816143	0.000166	233.137039	95
5473.201851	39.431087	0.000169	233.158173	96
5474.219994	39.045696	0.000167	233.379669	97
5475.284157	39.009216	0.000167	233.211166	98
5476.301576	37.946129	0.000163	233.094467	99
5477.366394	39.529549	0.000169	233.478851	100
5478.382239	37.551239	0.000161	232.774551	101
5479.447501	37.852692	0.000162	233.363647	102
5480.460431	37.710022	0.000162	233.177811	103
5481.530715	37.481297	0.000161	232.715363	104
5482.542254	39.659504	0.000170	232.997971	105
5483.611983	37.093613	0.000159	232.617996	106
5484.621520	39.143646	0.000168	233.470398	107
5485.692259	36.899055	0.000158	233.067596	108
5486.703524	35.903046	0.000154	233.263702	109
5487.775266	36.784683	0.000158	232.603348	110
5488.783133	36.700691	0.000157	233.149567	111
5489.853364	36.925289	0.000158	233.350830	112
5490.865636	36.174004	0.000155	233.374969	113
5491.937317	34.984863	0.000150	233.065018	114
5492.945284	37.063938	0.000159	233.378738	115
5494.015895	35.069611	0.000150	233.573212	116
5495.027443	35.239204	0.000151	233.131454	117
5496.096923	34.186527	0.000147	233.089798	118
5497.109654	34.223671	0.000147	233.029388	119
5498.176399	34.272575	0.000147	233.053101	120
5499.189891	35.816109	0.000154	233.041626	121
5500.256056	34.225597	0.000147	233.004318	122
5501.273370	33.584293	0.000144	233.118622	123
5502.336443	32.845444	0.000141	233.258728	124
5503.354563	34.184158	0.000147	233.106979	125
5504.417178	32.035984	0.000137	233.622864	126
5505.435250	33.078568	0.000142	233.064728	127
5506.496996	32.083405	0.000138	233.085419	128
5507.515849	33.138271	0.000142	233.460281	129
5508.577234	31.809990	0.000136	233.225983	130
5509.597848	101.130051	0.000434	232.998901	131
5510.661872	129.657181	0.000557	232.976715	132
5511.677524	31.615391	0.000135	233.530472	133
5512.739353	31.933039	0.000137	233.211929	134
5513.756824	32.498035	0.000140	232.945465	135
5514.821517	30.835987	0.000133	232.618439	136
5515.838177	31.613848	0.000136	232.592926	137
5516.903302	31.882549	0.000137	233.105179	138
5517.918564	32.389816	0.000139	233.083740	139
5518.984374	30.976048	0.000133	233.016418	140
5519.996826	31.390051	0.000134	233.514023	141
5521.063534	29.900822	0.000128	233.154999	142
5522.079635	30.276873	0.000130	232.580399	143
5523.147875	29.655676	0.000127	233.033768	144
5524.159204	29.725344	0.000128	232.935349	145
5525.225730	30.910742	0.000132	233.450455	146
5526.238644	29.761965	0.000128	233.017929	147
5527.308866	29.193041	0.000126	232.346222	148
5528.318304	29.397869	0.000126	233.442001	149
5529.389046	28.591150	0.000123	232.696182	150
5530.400411	29.878754	0.000128	233.138077	151
5531.467518	28.438284	0.000122	233.187317	152
5532.480524	28.927971	0.000124	233.518707	153
5533.547070	29.298588	0.000125	233.514175	154
5534.561701	28.411020	0.000122	233.471298	155
5535.628906	28.523016	0.000122	232.923569	156
5536.642615	27.657127	0.000119	233.214493	157
5537.708735	28.527185	0.000122	233.006592	158
5538.723044	27.992603	0.000120	233.348404	159
5539.787593	27.994038	0.000120	232.887787	160
5540.804188	27.518715	0.000118	233.423752	161
5541.867571	27.663509	0.000119	233.310974	162
5542.885100	27.544256	0.000118	232.936844	163
5543.948442	26.969393	0.000116	233.313217	164
5544.967160	26.300896	0.000113	233.305984	165
5546.030225	68.084778	0.000292	232.999496	166
5547.047952	25.829859	0.000111	232.995575	167
5548.111283	26.610447	0.000114	232.563187	168
5549.127299	27.080198	0.000116	232.959808	169
5550.196089	26.517471	0.000114	232.374008	170
5551.208910	26.867054	0.000115	233.142944	171
5552.270655	26.172115	0.000112	233.026077	172
5553.287718	26.609356	0.000114	233.597961	173
5554.352027	25.505875	0.000109	233.023346	174
5555.367612	25.374022	0.000109	233.281677	175
5556.431413	26.072510	0.000112	233.109116	176
5557.446424	26.097160	0.000112	233.435516	177
5558.512978	25.847000	0.000111	233.416504	178
5559.527894	25.945755	0.000111	233.240921	179
5560.594011	25.750660	0.000111	232.868622	180
5561.607529	66.609177	0.000286	232.991180	181
5562.673482	26.557632	0.000114	233.596634	182
5563.687887	25.028927	0.000107	233.382965	183
5564.755493	25.577805	0.000110	232.967041	184
5565.767958	25.016691	0.000107	233.135681	185
5566.835626	25.861506	0.000111	233.089798	186
5567.847518	24.694452	0.000106	233.001755	187
5568.917126	25.441124	0.000109	233.407440	188
5569.928525	24.262514	0.000104	233.046906	189
5570.997530	25.789036	0.000111	232.445114	190
5572.010073	24.078108	0.000103	233.274124	191
5573.077448	24.407509	0.000105	232.293396	192
5574.089274	25.506840	0.000109	233.093857	193
5575.154419	23.817020	0.000102	233.564896	194
5576.171101	24.679375	0.000106	233.057938	195
5577.233547	25.152006	0.000108	233.396118	196
5578.251146	26.094156	0.000112	232.891846	197
5579.315633	24.863060	0.000107	233.074219	198
5580.331492	23.971544	0.000103	233.011108	199
5581.394543	23.991787	0.000103	233.451050	200
5582.411784	23.826445	0.000102	233.060638	201
5583.474927	23.250650	0.000100	233.029541	202
5584.492732	23.859297	0.000102	233.145203	203
5585.555082	41.651066	0.000179	232.987885	204
5586.573495	23.307518	0.000100	233.537262	205
5587.636240	22.384203	0.000096	233.019867	206
5588.653746	23.990740	0.000103	233.038910	207
5589.717627	61.122635	0.000263	232.488907	208
5590.734708	22.721523	0.000098	232.953918	209
5591.799567	22.373354	0.000096	232.688339	210
5592.813860	23.421522	0.000100	233.332870	211
5593.877682	22.694889	0.000097	233.123901	212
5594.894337	23.056673	0.000099	233.055969	213
5595.957597	22.709023	0.000097	233.265060	214
5596.974611	22.744619	0.000098	232.896378	215
5598.037389	22.808918	0.000098	233.450760	216
5599.053045	23.900375	0.000103	232.904678	217
5600.117319	22.927879	0.000098	233.626190	218
5601.134137	21.818848	0.000094	232.918594	219
5602.199900	22.014397	0.000095	232.910873	220
5603.212879	23.753851	0.000102	232.811234	221
5604.280923	22.358074	0.000096	233.319138	222
5605.293680	21.639633	0.000093	232.908600	223
5606.359699	22.292278	0.000096	233.380112	224
5607.371529	22.671495	0.000097	233.240601	225
5608.440969	21.590973	0.000093	232.980927	226
5609.453326	21.522625	0.000092	233.023346	227
5610.521326	94.462616	0.000405	232.977921	228
5611.533317	21.552132	0.000092	233.200150	229
5612.600315	21.810001	0.000093	233.424500	230
5613.614612	21.443966	0.000092	233.343872	231
5614.679723	21.481033	0.000092	233.536362	232
