crossing time (s)	slope (V/s)	crossing number
281474976710655.000000	2.188275	3910	0.000000
281474976710655.000000	2.174988	3911	0.000000
281474976710655.000000	2.167356	3912	0.000000
281474976710655.000000	2.161459	3913	0.000000
281474976710655.000000	2.172465	3914	0.000000
281474976710655.000000	2.180151	3915	0.000000
281474976710655.000000	2.164994	3916	0.000000
281474976710655.000000	2.155320	3917	4279219456.000000
281474976710655.000000	2.183282	3918	4280249600.000000
281474976710655.000000	2.215628	3919	4281294336.000000
281474976710655.000000	2.229026	3920	4282327296.000000
281474976710655.000000	2.241437	3921	4283367168.000000
281474976710655.000000	2.234942	3922	4284406272.000000
281474976710655.000000	2.269141	3923	4285441536.000000
281474976710655.000000	2.292565	3924	4286484480.000000
281474976710655.000000	2.300752	3925	4287515904.000000
281474976710655.000000	2.303073	3926	4288562688.000000
281474976710655.000000	2.329435	3927	4289590528.000000
281474976710655.000000	2.355383	3928	4290639104.000000
281474976710655.000000	2.386295	3929	4291666688.000000
281474976710655.000000	2.389375	3930	4292716544.000000
281474976710655.000000	2.407535	3931	4293742592.000000
281474976710655.000000	2.456810	3932	4294792448.000000
281474976710655.000000	2.456724	3933	4295819264.000000
281474976710655.000000	2.485247	3934	4296868864.000000
281474976710655.000000	2.509222	3935	4297895424.000000
281474976710655.000000	2.521898	3936	4298944000.000000
281474976710655.000000	2.520873	3937	4299972096.000000
281474976710655.000000	2.577947	3938	4301019136.000000
281474976710655.000000	2.576989	3939	4302048256.000000
281474976710655.000000	2.608058	3940	4303094784.000000
281474976710655.000000	2.613589	3941	4304124928.000000
281474976710655.000000	2.641022	3942	4305170944.000000
281474976710655.000000	2.668663	3943	4306201088.000000
281474976710655.000000	2.697176	3944	4307247104.000000
281474976710655.000000	2.684130	3945	4308276736.000000
281474976710655.000000	2.724846	3946	4309324288.000000
281474976710655.000000	2.754618	3947	4310352896.000000
281474976710655.000000	2.773570	3948	4311400960.000000
281474976710655.000000	2.781280	3949	4312429056.000000
281474976710655.000000	2.821170	3950	4313477632.000000
281474976710655.000000	2.843752	3951	4314504704.000000
281474976710655.000000	2.859178	3952	4315553280.000000
281474976710655.000000	2.833539	3953	4316580864.000000
281474976710655.000000	2.903778	3954	4317629952.000000
281474976710655.000000	2.918626	3955	4318657536.000000
281474976710655.000000	2.974051	3956	4319704064.000000
281474976710655.000000	2.947973	3957	4320734720.000000
281474976710655.000000	2.963427	3958	4321779200.000000
281474976710655.000000	2.999993	3959	4322812416.000000
281474976710655.000000	3.040744	3960	4323853824.000000
281474976710655.000000	3.052218	3961	4324890624.000000
281474976710655.000000	3.105878	3962	4325927424.000000
281474976710655.000000	3.087507	3963	4326968320.000000
281474976710655.000000	3.144363	3964	4328002560.000000
281474976710655.000000	3.176832	3965	4329046528.000000
281474976710655.000000	3.205558	3966	4330077696.000000
281474976710655.000000	3.224052	3967	4331123712.000000
281474976710655.000000	3.224967	3968	4332153856.000000
281474976710655.000000	3.244612	3969	4333199872.000000
281474976710655.000000	3.294878	3970	4334230528.000000
281474976710655.000000	3.313484	3971	4335276032.000000
281474976710655.000000	3.324664	3972	4336307200.000000
281474976710655.000000	3.354267	3973	4337351680.000000
281474976710655.000000	3.371050	3974	4338383360.000000
281474976710655.000000	3.424427	3975	4339427840.000000
281474976710655.000000	3.421173	3976	4340460032.000000
281474976710655.000000	3.473703	3977	4341504000.000000
281474976710655.000000	3.488958	3978	4342536704.000000
281474976710655.000000	3.543371	3979	4343580160.000000
281474976710655.000000	3.543345	3980	4344612864.000000
281474976710655.000000	3.558706	3981	4345656832.000000
281474976710655.000000	3.598778	3982	4346689024.000000
281474976710655.000000	3.633244	3983	4347732992.000000
281474976710655.000000	3.651063	3984	4348765696.000000
281474976710655.000000	3.702963	3985	4349809664.000000
281474976710655.000000	3.713886	3986	4350841344.000000
281474976710655.000000	3.743088	3987	4351886336.000000
281474976710655.000000	3.750594	3988	4352917504.000000
281474976710655.000000	3.842899	3989	4353963008.000000
281474976710655.000000	3.912661	3990	4354993664.000000
281474976710655.000000	3.894117	3991	4356039168.000000
281474976710655.000000	3.898728	3992	4357070848.000000
281474976710655.000000	3.970463	3993	4358114816.000000
281474976710655.000000	3.996061	3994	4359147520.000000
281474976710655.000000	4.048993	3995	4360189952.000000
281474976710655.000000	4.078506	3996	4361225216.000000
281474976710655.000000	4.089967	3997	4362265088.000000
281474976710655.000000	4.163055	3998	4363302400.000000
281474976710655.000000	4.157165	3999	4364340224.000000
281474976710655.000000	4.195693	4000	4365380096.000000
281474976710655.000000	4.206147	4001	4366415360.000000
281474976710655.000000	4.238276	4002	4367458304.000000
281474976710655.000000	4.291465	4003	4368490496.000000
281474976710655.000000	4.328612	4004	4369535488.000000
281474976710655.000000	4.334521	4005	4370565632.000000
281474976710655.000000	4.348297	4006	4371612672.000000
281474976710655.000000	4.395585	4007	4372642304.000000
281474976710655.000000	4.466949	4008	4373689344.000000
281474976710655.000000	4.482672	4009	4374718464.000000
281474976710655.000000	4.472476	4010	4375766016.000000
281474976710655.000000	4.540747	4011	4376795136.000000
281474976710655.000000	4.588798	4012	4377841664.000000
281474976710655.000000	4.645579	4013	4378871808.000000
281474976710655.000000	4.661314	4014	4379918336.000000
281474976710655.000000	4.739772	4015	4380947968.000000
281474976710655.000000	4.778524	4016	4381994496.000000
281474976710655.000000	4.843352	4017	4383024640.000000
281474976710655.000000	4.772706	4018	4384070656.000000
281474976710655.000000	4.824042	4019	4385101312.000000
281474976710655.000000	4.927866	4020	4386147328.000000
281474976710655.000000	4.989790	4021	4387176960.000000
281474976710655.000000	4.858539	4022	4388224000.000000
281474976710655.000000	5.059567	4023	4389253632.000000
281474976710655.000000	5.067072	4024	4390300672.000000
281474976710655.000000	5.146946	4025	4391329792.000000
281474976710655.000000	5.122528	4026	4392376832.000000
281474976710655.000000	5.148742	4027	4393406464.000000
281474976710655.000000	5.205051	4028	4394452992.000000
281474976710655.000000	5.233752	4029	4395483136.000000
281474976710655.000000	5.284694	4030	4396528640.000000
281474976710655.000000	5.349452	4031	4397560320.000000
281474976710655.000000	5.366395	4032	4398604288.000000
281474976710655.000000	5.438406	4033	4399637504.000000
281474976710655.000000	5.504988	4034	4400679936.000000
281474976710655.000000	5.539765	4035	4401715200.000000
281474976710655.000000	5.496973	4036	4402755584.000000
281474976710655.000000	5.595584	4037	4403792896.000000
281474976710655.000000	5.620239	4038	4404830720.000000
281474976710655.000000	5.666425	4039	4405870080.000000
281474976710655.000000	5.877127	4040	4406905856.000000
281474976710655.000000	5.795061	4041	4407947776.000000
281474976710655.000000	5.843899	4042	4408982016.000000
281474976710655.000000	5.894624	4043	4410024960.000000
281474976710655.000000	5.934612	4044	4411058176.000000
281474976710655.000000	5.894333	4045	4412101632.000000
281474976710655.000000	6.081783	4046	4413134336.000000
281474976710655.000000	6.030658	4047	4414178304.000000
281474976710655.000000	6.158032	4048	4415210496.000000
281474976710655.000000	6.094116	4049	4416254464.000000
281474976710655.000000	6.202679	4050	4417287168.000000
281474976710655.000000	6.254447	4051	4418331136.000000
281474976710655.000000	6.311590	4052	4419363840.000000
281474976710655.000000	6.267570	4053	4420407296.000000
281474976710655.000000	6.352554	4054	4421440512.000000
281474976710655.000000	6.305582	4055	4422483968.000000
281474976710655.000000	6.413441	4056	4423516672.000000
281474976710655.000000	6.491217	4057	4424560640.000000
281474976710655.000000	6.555625	4058	4425593344.000000
281474976710655.000000	6.555477	4059	4426637312.000000
281474976710655.000000	6.702675	4060	4427670016.000000
281474976710655.000000	6.676356	4061	4428713472.000000
281474976710655.000000	6.779657	4062	4429746688.000000
281474976710655.000000	6.721985	4063	4430790656.000000
281474976710655.000000	6.854673	4064	4431823360.000000
281474976710655.000000	6.894666	4065	4432866816.000000
281474976710655.000000	7.280774	4066	4433900032.000000
281474976710655.000000	6.858009	4067	4434943488.000000
281474976710655.000000	7.119291	4068	4435976704.000000
281474976710655.000000	7.052601	4069	4437019648.000000
