crossing time (s)	slope (V/s)	crossing number
281474976710655.000000	2.551537	5180	0.000000
281474976710655.000000	2.523785	5181	0.000000
281474976710655.000000	2.535712	5182	0.000000
281474976710655.000000	2.530111	5183	0.000000
281474976710655.000000	2.524570	5184	0.000000
281474976710655.000000	2.519879	5185	0.000000
281474976710655.000000	2.515476	5186	0.000000
281474976710655.000000	2.506490	5187	5613932032.000000
281474976710655.000000	2.514068	5188	5614961152.000000
281474976710655.000000	2.513960	5189	5616007680.000000
281474976710655.000000	2.555067	5190	5617036800.000000
281474976710655.000000	2.566815	5191	5618083328.000000
281474976710655.000000	2.552898	5192	5619112448.000000
281474976710655.000000	2.589401	5193	5620159488.000000
281474976710655.000000	2.599533	5194	5621188608.000000
281474976710655.000000	2.606327	5195	5622234624.000000
281474976710655.000000	2.611799	5196	5623264768.000000
281474976710655.000000	2.644153	5197	5624311808.000000
281474976710655.000000	2.637975	5198	5625339392.000000
281474976710655.000000	2.671557	5199	5626387456.000000
281474976710655.000000	2.661427	5200	5627415040.000000
281474976710655.000000	2.687248	5201	5628463616.000000
281474976710655.000000	2.696330	5202	5629491712.000000
281474976710655.000000	2.721021	5203	5630538752.000000
281474976710655.000000	2.717898	5204	5631567360.000000
281474976710655.000000	2.735296	5205	5632614400.000000
281474976710655.000000	2.756035	5206	5633644544.000000
281474976710655.000000	2.764911	5207	5634688512.000000
281474976710655.000000	2.742173	5208	5635720704.000000
281474976710655.000000	2.786065	5209	5636763648.000000
281474976710655.000000	2.802278	5210	5637797888.000000
281474976710655.000000	2.797123	5211	5638838784.000000
281474976710655.000000	2.806692	5212	5639875072.000000
281474976710655.000000	2.816174	5213	5640913408.000000
281474976710655.000000	2.838553	5214	5641951744.000000
281474976710655.000000	2.854852	5215	5642988544.000000
281474976710655.000000	2.855629	5216	5644028928.000000
281474976710655.000000	2.872794	5217	5645063168.000000
281474976710655.000000	2.883858	5218	5646105600.000000
281474976710655.000000	2.899835	5219	5647138304.000000
281474976710655.000000	2.917889	5220	5648182272.000000
281474976710655.000000	2.931002	5221	5649213440.000000
281474976710655.000000	2.943809	5222	5650258944.000000
281474976710655.000000	2.933075	5223	5651289600.000000
281474976710655.000000	2.958119	5224	5652335616.000000
281474976710655.000000	2.985324	5225	5653364736.000000
281474976710655.000000	2.983033	5226	5654411264.000000
281474976710655.000000	3.005641	5227	5655440896.000000
281474976710655.000000	3.019294	5228	5656487424.000000
281474976710655.000000	3.033533	5229	5657516544.000000
281474976710655.000000	3.031272	5230	5658562560.000000
281474976710655.000000	3.043797	5231	5659592704.000000
281474976710655.000000	3.107733	5232	5660638720.000000
281474976710655.000000	3.090154	5233	5661668352.000000
281474976710655.000000	3.122256	5234	5662713856.000000
281474976710655.000000	3.121323	5235	5663745024.000000
281474976710655.000000	3.123266	5236	5664790016.000000
281474976710655.000000	3.128683	5237	5665821184.000000
281474976710655.000000	3.151519	5238	5666865152.000000
281474976710655.000000	3.152489	5239	5667898880.000000
281474976710655.000000	3.184637	5240	5668940800.000000
281474976710655.000000	3.186275	5241	5669974528.000000
281474976710655.000000	3.225157	5242	5671014912.000000
281474976710655.000000	3.250224	5243	5672051712.000000
281474976710655.000000	3.241301	5244	5673090048.000000
281474976710655.000000	3.245331	5245	5674128896.000000
281474976710655.000000	3.310635	5246	5675165184.000000
281474976710655.000000	3.305990	5247	5676205568.000000
281474976710655.000000	3.321691	5248	5677240320.000000
281474976710655.000000	3.336481	5249	5678282240.000000
281474976710655.000000	3.358593	5250	5679315456.000000
281474976710655.000000	3.377761	5251	5680359424.000000
281474976710655.000000	3.362583	5252	5681390592.000000
281474976710655.000000	3.390388	5253	5682436096.000000
281474976710655.000000	3.399977	5254	5683466240.000000
281474976710655.000000	3.420726	5255	5684512256.000000
281474976710655.000000	3.443542	5256	5685541888.000000
281474976710655.000000	3.455021	5257	5686588416.000000
281474976710655.000000	3.430775	5258	5687617536.000000
281474976710655.000000	3.457555	5259	5688664576.000000
281474976710655.000000	3.481823	5260	5689693696.000000
281474976710655.000000	3.500787	5261	5690740736.000000
281474976710655.000000	3.533992	5262	5691769856.000000
281474976710655.000000	3.547105	5263	5692816384.000000
281474976710655.000000	3.543477	5264	5693845504.000000
281474976710655.000000	3.547557	5265	5694892032.000000
281474976710655.000000	3.572744	5266	5695921664.000000
281474976710655.000000	3.635768	5267	5696968192.000000
281474976710655.000000	3.606218	5268	5697997824.000000
281474976710655.000000	3.602918	5269	5699043840.000000
281474976710655.000000	3.626966	5270	5700073984.000000
281474976710655.000000	3.675871	5271	5701120000.000000
281474976710655.000000	3.676933	5272	5702149632.000000
281474976710655.000000	3.675176	5273	5703196160.000000
281474976710655.000000	3.707411	5274	5704225280.000000
281474976710655.000000	3.756941	5275	5705272320.000000
281474976710655.000000	3.740675	5276	5706301440.000000
281474976710655.000000	3.795796	5277	5707347968.000000
281474976710655.000000	3.773646	5278	5708377600.000000
281474976710655.000000	3.850758	5279	5709423616.000000
281474976710655.000000	3.817243	5280	5710454272.000000
281474976710655.000000	3.890726	5281	5711499264.000000
281474976710655.000000	3.872037	5282	5712530944.000000
281474976710655.000000	3.868418	5283	5713574400.000000
281474976710655.000000	3.919811	5284	5714607104.000000
281474976710655.000000	3.907465	5285	5715649536.000000
281474976710655.000000	3.915531	5286	5716684288.000000
281474976710655.000000	3.979943	5287	5717725184.000000
281474976710655.000000	3.986340	5288	5718760960.000000
281474976710655.000000	3.995531	5289	5719800320.000000
281474976710655.000000	4.005802	5290	5720837632.000000
281474976710655.000000	4.034461	5291	5721875456.000000
281474976710655.000000	4.069301	5292	5722914304.000000
281474976710655.000000	4.062774	5293	5723950592.000000
281474976710655.000000	4.092641	5294	5724990976.000000
281474976710655.000000	4.077262	5295	5726025728.000000
281474976710655.000000	4.108011	5296	5727068160.000000
281474976710655.000000	4.140403	5297	5728101376.000000
281474976710655.000000	4.138329	5298	5729144320.000000
281474976710655.000000	4.157904	5299	5730177024.000000
281474976710655.000000	4.181809	5300	5731219968.000000
281474976710655.000000	4.189630	5301	5732252672.000000
281474976710655.000000	4.243359	5302	5733296640.000000
281474976710655.000000	4.233222	5303	5734328832.000000
281474976710655.000000	4.243565	5304	5735372800.000000
281474976710655.000000	4.243059	5305	5736404992.000000
281474976710655.000000	4.289208	5306	5737448448.000000
281474976710655.000000	4.300969	5307	5738481152.000000
281474976710655.000000	4.352795	5308	5739524608.000000
281474976710655.000000	4.342471	5309	5740557312.000000
281474976710655.000000	4.395240	5310	5741600256.000000
281474976710655.000000	4.395788	5311	5742633472.000000
281474976710655.000000	4.380235	5312	5743676416.000000
281474976710655.000000	4.429996	5313	5744710144.000000
281474976710655.000000	4.507628	5314	5745751552.000000
281474976710655.000000	4.467652	5315	5746786304.000000
281474976710655.000000	4.533840	5316	5747826688.000000
281474976710655.000000	4.519720	5317	5748863488.000000
281474976710655.000000	4.546487	5318	5749902336.000000
281474976710655.000000	4.583241	5319	5750940160.000000
281474976710655.000000	4.613366	5320	5751977472.000000
281474976710655.000000	4.609807	5321	5753016832.000000
281474976710655.000000	4.666987	5322	5754053120.000000
281474976710655.000000	4.687418	5323	5755093504.000000
281474976710655.000000	4.732090	5324	5756128256.000000
281474976710655.000000	4.695774	5325	5757170176.000000
281474976710655.000000	4.750248	5326	5758203904.000000
281474976710655.000000	4.783931	5327	5759246848.000000
281474976710655.000000	4.802541	5328	5760279552.000000
281474976710655.000000	4.773138	5329	5761323520.000000
281474976710655.000000	4.847003	5330	5762355200.000000
281474976710655.000000	4.790989	5331	5763400192.000000
281474976710655.000000	4.881904	5332	5764430848.000000
281474976710655.000000	4.840778	5333	5765476352.000000
281474976710655.000000	4.906196	5334	5766507008.000000
281474976710655.000000	4.912562	5335	5767552512.000000
281474976710655.000000	4.916487	5336	5768583168.000000
281474976710655.000000	5.007090	5337	5769628160.000000
281474976710655.000000	5.037691	5338	5770659328.000000
281474976710655.000000	4.990112	5339	5771704832.000000
281474976710655.000000	5.029119	5340	5772734976.000000
281474976710655.000000	5.012922	5341	5773780480.000000
281474976710655.000000	5.068640	5342	5774811136.000000
281474976710655.000000	5.018695	5343	5775857152.000000
281474976710655.000000	5.128520	5344	5776887808.000000
281474976710655.000000	5.111228	5345	5777933312.000000
281474976710655.000000	5.141808	5346	5778963968.000000
281474976710655.000000	5.180351	5347	5780008960.000000
281474976710655.000000	5.282263	5348	5781039616.000000
281474976710655.000000	5.152271	5349	5782085120.000000
281474976710655.000000	5.337757	5350	5783115776.000000
281474976710655.000000	5.237308	5351	5784161792.000000
281474976710655.000000	5.335377	5352	5785191936.000000
281474976710655.000000	5.326385	5353	5786236928.000000
281474976710655.000000	5.326850	5354	5787268608.000000
281474976710655.000000	5.377472	5355	5788313088.000000
281474976710655.000000	5.431995	5356	5789344768.000000
281474976710655.000000	5.401263	5357	5790388736.000000
281474976710655.000000	5.496064	5358	5791421440.000000
281474976710655.000000	5.467878	5359	5792464896.000000
281474976710655.000000	5.555043	5360	5793498112.000000
281474976710655.000000	5.492761	5361	5794540032.000000
281474976710655.000000	5.570399	5362	5795574784.000000
281474976710655.000000	5.561805	5363	5796615680.000000
281474976710655.000000	5.672180	5364	5797651456.000000
281474976710655.000000	5.624400	5365	5798691328.000000
281474976710655.000000	5.686220	5366	5799728128.000000
281474976710655.000000	5.619811	5367	5800766464.000000
281474976710655.000000	5.654902	5368	5801804800.000000
281474976710655.000000	5.687249	5369	5802842112.000000
281474976710655.000000	5.720919	5370	5803881472.000000
281474976710655.000000	5.853717	5371	5804917760.000000
281474976710655.000000	5.805922	5372	5805958144.000000
281474976710655.000000	5.763436	5373	5806993920.000000
281474976710655.000000	5.869370	5374	5808034816.000000
281474976710655.000000	5.791350	5375	5809069568.000000
281474976710655.000000	5.872041	5376	5810110976.000000
281474976710655.000000	5.840804	5377	5811145728.000000
281474976710655.000000	5.937496	5378	5812187136.000000
281474976710655.000000	5.922081	5379	5813221888.000000
281474976710655.000000	5.923648	5380	5814263296.000000
281474976710655.000000	6.030012	5381	5815297536.000000
281474976710655.000000	6.090210	5382	5816339968.000000
281474976710655.000000	6.047697	5383	5817374208.000000
281474976710655.000000	6.046243	5384	5818416128.000000
281474976710655.000000	6.120692	5385	5819450368.000000
281474976710655.000000	6.194324	5386	5820491776.000000
281474976710655.000000	6.169572	5387	5821527040.000000
281474976710655.000000	6.120242	5388	5822567936.000000
281474976710655.000000	6.178018	5389	5823603200.000000
281474976710655.000000	6.307013	5390	5824643584.000000
281474976710655.000000	6.337806	5391	5825679872.000000
281474976710655.000000	6.170768	5392	5826719232.000000
281474976710655.000000	6.336479	5393	5827756544.000000
281474976710655.000000	6.295133	5394	5828794880.000000
281474976710655.000000	6.442804	5395	5829833216.000000
281474976710655.000000	6.502367	5396	5830871040.000000
281474976710655.000000	6.499122	5397	5831909888.000000
281474976710655.000000	6.441709	5398	5832946688.000000
281474976710655.000000	6.575313	5399	5833986560.000000
281474976710655.000000	6.587564	5400	5835022336.000000
281474976710655.000000	6.525740	5401	5836063232.000000
281474976710655.000000	6.603484	5402	5837097984.000000
281474976710655.000000	6.654999	5403	5838139904.000000
281474976710655.000000	6.648589	5404	5839174144.000000
281474976710655.000000	6.566730	5405	5840217088.000000
281474976710655.000000	6.794175	5406	5841249792.000000
281474976710655.000000	6.640696	5407	5842293248.000000
