time (s)	energy (uJ)	charge (mC)	voltage (mV)	crossing#mod 255
4238.583224	25.962875	0.000238	108.997292	207
4239.599537	27.337812	0.000251	108.879837	208
4240.663185	26.517937	0.000244	108.556137	209
4241.679381	27.851208	0.000257	108.507523	210
4242.743435	27.137932	0.000249	108.904587	211
4243.757325	27.871531	0.000256	108.759804	212
4244.827841	27.075708	0.000248	109.220284	213
4245.836795	28.631165	0.000264	108.458458	214
4246.911665	27.815905	0.000255	109.021896	215
4247.915843	29.344597	0.000270	108.848587	216
4248.997076	28.332960	0.000262	108.290573	217
4249.998045	29.786835	0.000275	108.375717	218
4251.080503	34.339146	0.000317	108.445473	219
4252.077288	30.420589	0.000280	108.661812	220
4253.160389	28.813721	0.000265	108.797394	221
4254.158255	49.887657	0.000460	108.555984	222
4255.240835	29.093643	0.000268	108.655174	223
4256.237399	43.381248	0.000400	108.587234	224
4257.321553	29.730101	0.000273	108.748184	225
4258.317502	32.527996	0.000299	108.798912	226
4259.406060	29.785780	0.000274	108.729156	227
4260.400267	32.969788	0.000304	108.530014	228
4261.483180	30.292845	0.000278	108.912285	229
4262.482694	33.640724	0.000309	108.720245	230
4263.562456	31.099499	0.000287	108.456642	231
4264.562262	34.336185	0.000315	108.997437	232
4265.643021	31.479208	0.000290	108.715118	233
4266.647718	34.578968	0.000317	109.235085	234
4267.719732	32.831383	0.000302	108.874550	235
4268.729987	34.468147	0.000317	108.662117	236
4269.800322	33.446484	0.000308	108.569420	237
4270.811928	35.116077	0.000323	108.727188	238
4271.881047	33.913807	0.000312	108.539375	239
4272.896749	39.946426	0.000368	108.599915	240
4273.957133	34.925350	0.000321	108.822617	241
4274.977593	35.305832	0.000324	108.952141	242
4276.036377	35.217094	0.000323	108.899765	243
4277.060769	41.085354	0.000378	108.664238	244
4278.118932	55.746841	0.000513	108.767960	245
4279.141024	36.307228	0.000334	108.854012	246
4280.198206	80.153671	0.000736	108.955917	247
4281.221581	36.470299	0.000336	108.652153	248
4282.280378	37.171932	0.000341	108.950638	249
4283.302268	37.346653	0.000343	108.751350	250
4284.365578	43.078594	0.000398	108.320312	251
4285.384217	38.335743	0.000352	108.834686	252
4286.445709	37.846905	0.000348	108.749985	253
4287.463913	38.835979	0.000357	108.728859	254
4288.526400	37.924351	0.000349	108.769608	255
4289.542625	39.475285	0.000362	108.921951	0
4290.612926	43.501915	0.000396	109.725746	1
4291.621147	40.313843	0.000370	108.824562	2
4292.693251	38.274979	0.000352	108.875298	3
4293.703155	40.969837	0.000378	108.464790	4
4294.774817	38.609058	0.000356	108.576515	5
4295.779791	41.797905	0.000384	108.768562	6
4296.858248	38.735294	0.000356	108.659698	7
4297.860731	42.162449	0.000388	108.724319	8
4298.937220	39.488876	0.000362	108.939613	9
4299.942917	57.544395	0.000530	108.587845	10
4301.019884	39.728790	0.000365	108.817169	11
4302.021837	50.669544	0.000466	108.682060	12
4303.102971	40.183010	0.000370	108.669670	13
4304.103835	42.728577	0.000394	108.495453	14
4305.181571	41.318974	0.000381	108.359871	15
4306.184862	58.286373	0.000537	108.587387	16
4307.261290	41.746944	0.000384	108.855515	17
4308.267435	43.356945	0.000399	108.609428	18
4309.341662	42.057526	0.000387	108.706665	19
4310.350303	43.438408	0.000400	108.658653	20
4311.422161	42.628769	0.000392	108.812950	21
4312.430343	43.680893	0.000402	108.716621	22
4313.500498	43.075253	0.000396	108.882088	23
4314.512218	43.866455	0.000404	108.618950	24
4315.580559	43.566105	0.000400	108.864273	25
4316.594923	44.256241	0.000406	108.937958	26
4317.662015	43.893211	0.000404	108.677818	27
4318.676962	71.927673	0.000661	108.794533	28
4319.743202	43.958302	0.000404	108.791199	29
4320.756036	44.733688	0.000410	109.043030	30
4321.822577	44.436893	0.000408	108.863220	31
4322.839320	44.891422	0.000413	108.616684	32
4323.903897	44.872829	0.000413	108.669365	33
4324.920101	45.035877	0.000415	108.608826	34
4325.984809	84.267807	0.000772	109.111725	35
4327.001107	45.572491	0.000420	108.622726	36
4328.065073	45.131153	0.000415	108.691864	37
4329.081093	46.101936	0.000425	108.478539	38
4330.145884	45.513783	0.000419	108.707413	39
4331.167087	67.675514	0.000624	108.519905	40
4332.228885	45.547806	0.000419	108.753311	41
4333.242515	46.273285	0.000426	108.702431	42
4334.308735	46.117054	0.000423	108.901871	43
4335.323723	46.840809	0.000431	108.562477	44
4336.391855	45.870018	0.000422	108.741989	45
4337.402250	47.216785	0.000435	108.586937	46
4338.473472	46.171272	0.000426	108.394737	47
4339.478840	47.769512	0.000439	108.892204	48
4340.553992	46.319408	0.000426	108.805237	49
4341.565719	56.914520	0.000520	109.356918	50
4342.635399	46.041702	0.000422	109.083946	51
4343.646415	48.623886	0.000446	109.090752	52
4344.715333	46.704868	0.000429	108.848587	53
4345.724025	49.470356	0.000455	108.835144	54
4346.796884	46.031082	0.000423	108.737915	55
4347.805690	83.785904	0.000768	109.074280	56
4348.877287	46.028496	0.000423	108.821106	57
4349.887349	49.299961	0.000454	108.600967	58
4350.955462	47.647362	0.000437	109.022659	59
4351.967329	49.566338	0.000456	108.711189	60
4353.037137	46.490376	0.000427	108.876961	61
4354.050629	49.007198	0.000451	108.594788	62
4355.117389	46.688316	0.000429	108.880737	63
4356.132416	86.327080	0.000793	108.903839	64
4357.196095	47.652431	0.000438	108.815208	65
4358.213677	49.689590	0.000458	108.548431	66
4359.276042	47.584579	0.000438	108.536057	67
4360.297601	48.685688	0.000448	108.576668	68
4361.356518	76.904152	0.000705	109.059334	69
4362.375719	48.914062	0.000450	108.783806	70
4363.435615	47.726673	0.000438	108.896584	71
4364.458913	48.783112	0.000448	108.836349	72
4365.517312	47.395676	0.000438	108.308388	73
4366.540120	48.633953	0.000447	108.898399	74
4367.597007	47.388462	0.000436	108.738960	75
4368.621050	49.201252	0.000453	108.710739	76
4369.678444	47.336937	0.000437	108.445473	77
4370.701486	48.765770	0.000448	108.963776	78
4371.759686	47.234173	0.000435	108.512497	79
4372.783528	49.098202	0.000452	108.684471	80
4373.837031	47.612110	0.000437	108.831207	81
4374.864447	48.416420	0.000446	108.438683	82
4375.920124	82.588020	0.000759	108.881950	83
4376.942464	48.745987	0.000448	108.787727	84
4378.000292	47.643761	0.000438	108.768410	85
4379.023215	48.620163	0.000447	108.690651	86
4380.083731	46.925449	0.000432	108.739113	87
4381.100674	49.457405	0.000454	108.846153	88
4382.165076	47.402348	0.000436	108.616982	89
4383.181589	50.256401	0.000461	108.968300	90
4384.246037	46.686245	0.000429	108.810081	91
4385.262011	49.561878	0.000456	108.732170	92
4386.327781	46.456276	0.000427	108.774750	93
4387.340852	49.291088	0.000452	108.970718	94
4388.409385	46.627132	0.000429	108.567757	95
4389.419557	50.838558	0.000467	108.901566	96
4390.491455	45.928593	0.000423	108.461777	97
4391.501991	63.926308	0.000589	108.599770	98
4392.570726	46.006046	0.000423	108.858841	99
4393.582434	49.538895	0.000456	108.676918	100
4394.649191	47.009216	0.000432	108.905190	101
4395.662241	49.047703	0.000451	108.682358	102
4396.730919	46.907867	0.000432	108.565041	103
4397.743216	48.328026	0.000444	108.931458	104
4398.811346	46.888489	0.000431	108.737762	105
4399.825588	78.142776	0.000716	109.179512	106
4400.891025	46.758862	0.000430	108.820351	107
4401.906800	58.397285	0.000536	108.911232	108
4402.972364	47.457294	0.000437	108.497551	109
4403.985934	48.136597	0.000443	108.695190	110
4405.048842	48.381157	0.000444	108.988075	111
4406.067011	48.721771	0.000447	108.951538	112
4407.131555	46.200977	0.000425	108.699875	113
4408.148367	47.458466	0.000436	108.885719	114
4409.211988	46.770874	0.000430	108.856277	115
4410.228924	47.122616	0.000433	108.876656	116
4411.293215	45.544209	0.000418	108.932060	117
4412.308652	47.001343	0.000432	108.721146	118
4413.372347	45.691101	0.000420	108.676315	119
4414.388930	47.176685	0.000434	108.809776	120
4415.454449	45.769203	0.000422	108.420570	121
4416.469000	47.272049	0.000434	108.834984	122
4417.535840	51.644775	0.000476	108.458755	123
4418.549882	47.239300	0.000435	108.687637	124
4419.614588	44.814533	0.000412	108.654724	125
4420.631597	54.551289	0.000502	108.715721	126
4421.697420	45.056976	0.000415	108.514465	127
4422.712232	46.652996	0.000430	108.614716	128
4423.776493	53.547104	0.000494	108.454231	129
4424.791138	46.439331	0.000428	108.592674	130
4425.856582	45.529137	0.000419	108.715416	131
4426.871126	47.489239	0.000438	108.400482	132
4427.937390	44.542191	0.000409	108.995323	133
4428.952611	46.384975	0.000427	108.546181	134
4430.017515	44.233150	0.000406	108.849632	135
4431.031005	47.376366	0.000435	108.863968	136
4432.097927	43.901230	0.000404	108.711342	137
4433.112244	45.789291	0.000422	108.533188	138
4434.177973	43.653233	0.000401	108.850990	139
4435.191499	46.145142	0.000424	108.710281	140
4436.255626	45.799934	0.000421	108.810226	141
4437.274299	46.111961	0.000424	108.672089	142
4438.337363	43.814396	0.000403	108.827591	143
4439.354887	46.147579	0.000425	108.690811	144
4440.416599	44.017792	0.000404	108.833618	145
4441.437841	44.581871	0.000411	108.381767	146
4442.498610	42.545334	0.000392	108.483513	147
4443.515847	46.447079	0.000426	108.937355	148
4444.576956	42.835674	0.000394	108.800720	149
4445.598649	64.375984	0.000592	108.707863	150
4446.655727	43.445908	0.000399	108.883911	151
4447.680200	44.236732	0.000407	108.700470	152
4448.738531	42.822498	0.000395	108.429161	153
4449.760560	44.101368	0.000405	108.884361	154
4450.814822	43.348789	0.000398	108.905045	155
4451.840891	43.998215	0.000404	108.947769	156
4452.897794	42.060238	0.000387	108.678581	157
4453.921912	43.922085	0.000404	108.652008	158
4454.977161	42.924183	0.000395	108.599770	159
4456.001299	43.765778	0.000402	108.939011	160
4457.057181	41.590187	0.000383	108.613350	161
4458.085189	43.591522	0.000401	108.688385	162
4459.137998	41.775845	0.000384	108.756775	163
4460.163136	43.529137	0.000401	108.628151	164
4461.217664	42.105331	0.000387	108.845856	165
4462.241097	44.183205	0.000407	108.645065	166
4463.298633	42.109039	0.000387	108.775055	167
4464.321583	43.008404	0.000395	108.870316	168
4465.380183	41.346325	0.000380	108.768105	169
4466.401649	42.797543	0.000393	108.920746	170
4467.462476	40.451359	0.000372	108.703331	171
4468.480792	42.956379	0.000394	108.958183	172
4469.541276	41.316967	0.000380	108.692924	173
4470.559534	44.394314	0.000408	108.925735	174
4471.622504	41.670231	0.000384	108.633133	175
