crossing time (s)	slope (V/s)	crossing number
281474976710655.000000	2.085892	2357	0.000000
281474976710655.000000	2.104700	2358	0.000000
281474976710655.000000	2.113921	2359	0.000000
281474976710655.000000	2.063226	2360	0.000000
281474976710655.000000	2.086281	2361	0.000000
281474976710655.000000	2.085336	2362	0.000000
281474976710655.000000	2.077070	2363	2652404992.000000
281474976710655.000000	2.099503	2364	2653454848.000000
281474976710655.000000	2.097429	2365	2654478336.000000
281474976710655.000000	2.132395	2366	2655531008.000000
281474976710655.000000	2.140882	2367	2656555776.000000
281474976710655.000000	2.149667	2368	2657607680.000000
281474976710655.000000	2.163404	2369	2658630144.000000
281474976710655.000000	2.204875	2370	2659683840.000000
281474976710655.000000	2.197725	2371	2660707840.000000
281474976710655.000000	2.211288	2372	2661759488.000000
281474976710655.000000	2.214993	2373	2662782976.000000
281474976710655.000000	2.252401	2374	2663836416.000000
281474976710655.000000	2.259652	2375	2664860672.000000
281474976710655.000000	2.260897	2376	2665912576.000000
281474976710655.000000	2.265797	2377	2666935552.000000
281474976710655.000000	2.296284	2378	2667988736.000000
281474976710655.000000	2.301437	2379	2669013248.000000
281474976710655.000000	2.321955	2380	2670064640.000000
281474976710655.000000	2.331894	2381	2671087872.000000
281474976710655.000000	2.354353	2382	2672140800.000000
281474976710655.000000	2.352190	2383	2673165056.000000
281474976710655.000000	2.375193	2384	2674216448.000000
281474976710655.000000	2.389162	2385	2675242240.000000
281474976710655.000000	2.394366	2386	2676291840.000000
281474976710655.000000	2.409739	2387	2677318912.000000
281474976710655.000000	2.442235	2388	2678367744.000000
281474976710655.000000	2.424214	2389	2679395840.000000
281474976710655.000000	2.477639	2390	2680443392.000000
281474976710655.000000	2.487067	2391	2681473792.000000
281474976710655.000000	2.497532	2392	2682518272.000000
281474976710655.000000	2.510162	2393	2683552512.000000
281474976710655.000000	2.535802	2394	2684591360.000000
281474976710655.000000	2.536753	2395	2685630208.000000
281474976710655.000000	2.569707	2396	2686666240.000000
281474976710655.000000	2.578606	2397	2687708160.000000
281474976710655.000000	2.608702	2398	2688741120.000000
281474976710655.000000	2.616204	2399	2689785088.000000
281474976710655.000000	2.639394	2400	2690816512.000000
281474976710655.000000	2.629123	2401	2691862528.000000
281474976710655.000000	2.669403	2402	2692891392.000000
281474976710655.000000	2.670038	2403	2693939456.000000
281474976710655.000000	2.686564	2404	2694968064.000000
281474976710655.000000	2.689903	2405	2696016128.000000
281474976710655.000000	2.717330	2406	2697044480.000000
281474976710655.000000	2.741227	2407	2698091520.000000
281474976710655.000000	2.743704	2408	2699120128.000000
281474976710655.000000	2.744554	2409	2700168704.000000
281474976710655.000000	2.778829	2410	2701195776.000000
281474976710655.000000	2.773505	2411	2702243840.000000
281474976710655.000000	2.810279	2412	2703273216.000000
281474976710655.000000	2.798461	2413	2704320256.000000
281474976710655.000000	2.856665	2414	2705350144.000000
281474976710655.000000	2.871595	2415	2706395904.000000
281474976710655.000000	2.896502	2416	2707425536.000000
281474976710655.000000	2.894606	2417	2708472576.000000
281474976710655.000000	2.910486	2418	2709502464.000000
281474976710655.000000	2.951298	2419	2710549248.000000
281474976710655.000000	2.946837	2420	2711578880.000000
281474976710655.000000	2.945472	2421	2712625408.000000
281474976710655.000000	2.985497	2422	2713654528.000000
281474976710655.000000	2.997724	2423	2714701056.000000
281474976710655.000000	3.027914	2424	2715730944.000000
281474976710655.000000	3.043725	2425	2716777728.000000
281474976710655.000000	3.065342	2426	2717807360.000000
281474976710655.000000	3.078836	2427	2718853120.000000
281474976710655.000000	3.100263	2428	2719884544.000000
281474976710655.000000	3.103467	2429	2720928512.000000
281474976710655.000000	3.150260	2430	2721962240.000000
281474976710655.000000	3.159102	2431	2723003392.000000
281474976710655.000000	3.180203	2432	2724039936.000000
281474976710655.000000	3.198798	2433	2725078272.000000
281474976710655.000000	3.215108	2434	2726117376.000000
281474976710655.000000	3.218949	2435	2727153408.000000
281474976710655.000000	3.247664	2436	2728195072.000000
281474976710655.000000	3.238351	2437	2729228288.000000
281474976710655.000000	3.268013	2438	2730272000.000000
281474976710655.000000	3.297002	2439	2731303936.000000
281474976710655.000000	3.293818	2440	2732349696.000000
281474976710655.000000	3.337009	2441	2733379328.000000
281474976710655.000000	3.338672	2442	2734426880.000000
281474976710655.000000	3.350479	2443	2735454720.000000
281474976710655.000000	3.375709	2444	2736503552.000000
281474976710655.000000	3.400419	2445	2737531136.000000
281474976710655.000000	3.394609	2446	2738579712.000000
281474976710655.000000	3.431810	2447	2739607296.000000
281474976710655.000000	3.448147	2448	2740655616.000000
281474976710655.000000	3.486194	2449	2741683456.000000
281474976710655.000000	3.497139	2450	2742732288.000000
281474976710655.000000	3.526616	2451	2743760128.000000
281474976710655.000000	3.547706	2452	2744808704.000000
281474976710655.000000	3.580737	2453	2745836544.000000
281474976710655.000000	3.586522	2454	2746884864.000000
281474976710655.000000	3.594554	2455	2747912192.000000
281474976710655.000000	3.615514	2456	2748961536.000000
281474976710655.000000	3.659514	2457	2749988864.000000
281474976710655.000000	3.675471	2458	2751036928.000000
281474976710655.000000	3.690764	2459	2752065792.000000
281474976710655.000000	3.703725	2460	2753113856.000000
281474976710655.000000	3.732853	2461	2754142464.000000
281474976710655.000000	3.730436	2462	2755188736.000000
281474976710655.000000	3.792240	2463	2756219392.000000
281474976710655.000000	3.793157	2464	2757264384.000000
281474976710655.000000	3.833486	2465	2758296832.000000
281474976710655.000000	3.825196	2466	2759339776.000000
281474976710655.000000	3.847408	2467	2760374272.000000
281474976710655.000000	3.887398	2468	2761415424.000000
281474976710655.000000	3.924386	2469	2762451712.000000
281474976710655.000000	3.955131	2470	2763490560.000000
281474976710655.000000	3.944095	2471	2764529152.000000
281474976710655.000000	3.976051	2472	2765565696.000000
281474976710655.000000	3.952346	2473	2766606592.000000
281474976710655.000000	4.034366	2474	2767641088.000000
281474976710655.000000	4.064309	2475	2768684032.000000
281474976710655.000000	4.071984	2476	2769716736.000000
281474976710655.000000	4.077901	2477	2770760960.000000
281474976710655.000000	4.110026	2478	2771792384.000000
281474976710655.000000	4.126991	2479	2772837632.000000
281474976710655.000000	4.167293	2480	2773868800.000000
281474976710655.000000	4.165709	2481	2774914304.000000
281474976710655.000000	4.206482	2482	2775944448.000000
281474976710655.000000	4.252916	2483	2776990976.000000
281474976710655.000000	4.250958	2484	2778021376.000000
281474976710655.000000	4.226750	2485	2779067136.000000
281474976710655.000000	4.291999	2486	2780097792.000000
281474976710655.000000	4.326655	2487	2781143296.000000
281474976710655.000000	4.354638	2488	2782174208.000000
281474976710655.000000	4.343247	2489	2783219712.000000
281474976710655.000000	4.371927	2490	2784250880.000000
281474976710655.000000	4.385678	2491	2785295872.000000
281474976710655.000000	4.457055	2492	2786327040.000000
281474976710655.000000	4.465432	2493	2787372800.000000
281474976710655.000000	4.478663	2494	2788403712.000000
281474976710655.000000	4.518280	2495	2789449216.000000
281474976710655.000000	4.513615	2496	2790479616.000000
281474976710655.000000	4.477474	2497	2791525376.000000
281474976710655.000000	4.565280	2498	2792556288.000000
281474976710655.000000	4.626789	2499	2793601792.000000
281474976710655.000000	4.671471	2500	2794633216.000000
281474976710655.000000	4.598666	2501	2795677696.000000
281474976710655.000000	4.697900	2502	2796710144.000000
281474976710655.000000	4.738554	2503	2797753344.000000
281474976710655.000000	4.707478	2504	2798787328.000000
281474976710655.000000	4.776067	2505	2799828992.000000
281474976710655.000000	4.818809	2506	2800864256.000000
281474976710655.000000	4.789778	2507	2801904640.000000
281474976710655.000000	4.902767	2508	2802941952.000000
281474976710655.000000	4.841618	2509	2803979776.000000
281474976710655.000000	4.946281	2510	2805018880.000000
281474976710655.000000	4.923492	2511	2806055424.000000
281474976710655.000000	4.950537	2512	2807096064.000000
281474976710655.000000	4.996230	2513	2808131072.000000
281474976710655.000000	4.936680	2514	2809173504.000000
281474976710655.000000	4.973375	2515	2810206720.000000
281474976710655.000000	4.980668	2516	2811250176.000000
281474976710655.000000	5.030251	2517	2812282624.000000
281474976710655.000000	5.063872	2518	2813327104.000000
281474976710655.000000	5.019589	2519	2814359040.000000
281474976710655.000000	5.126873	2520	2815404032.000000
281474976710655.000000	5.129990	2521	2816434944.000000
281474976710655.000000	5.154623	2522	2817480704.000000
281474976710655.000000	5.230958	2523	2818511104.000000
281474976710655.000000	5.247306	2524	2819557376.000000
281474976710655.000000	5.217937	2525	2820587776.000000
281474976710655.000000	5.367572	2526	2821633536.000000
281474976710655.000000	5.301380	2527	2822664192.000000
281474976710655.000000	5.360523	2528	2823709952.000000
281474976710655.000000	5.365928	2529	2824740608.000000
281474976710655.000000	5.438148	2530	2825786368.000000
281474976710655.000000	5.393992	2531	2826817280.000000
281474976710655.000000	5.440794	2532	2827862528.000000
281474976710655.000000	5.447608	2533	2828893696.000000
281474976710655.000000	5.534467	2534	2829938944.000000
281474976710655.000000	5.529800	2535	2830970368.000000
281474976710655.000000	5.542403	2536	2832015360.000000
281474976710655.000000	5.586377	2537	2833047296.000000
281474976710655.000000	5.636506	2538	2834090752.000000
281474976710655.000000	5.671576	2539	2835124480.000000
281474976710655.000000	5.794405	2540	2836166656.000000
281474976710655.000000	5.758593	2541	2837201408.000000
281474976710655.000000	5.753934	2542	2838242816.000000
281474976710655.000000	5.827300	2543	2839278336.000000
281474976710655.000000	5.863963	2544	2840317952.000000
281474976710655.000000	5.825695	2545	2841355776.000000
281474976710655.000000	5.917586	2546	2842393600.000000
281474976710655.000000	5.872746	2547	2843432960.000000
281474976710655.000000	5.996563	2548	2844469248.000000
281474976710655.000000	5.991471	2549	2845510144.000000
281474976710655.000000	6.020521	2550	2846545408.000000
281474976710655.000000	5.975240	2551	2847587328.000000
281474976710655.000000	6.163314	2552	2848621056.000000
281474976710655.000000	6.046518	2553	2849664000.000000
281474976710655.000000	6.156687	2554	2850697472.000000
281474976710655.000000	6.203465	2555	2851740672.000000
281474976710655.000000	6.137160	2556	2852773632.000000
281474976710655.000000	6.214449	2557	2853817088.000000
281474976710655.000000	6.336544	2558	2854850048.000000
281474976710655.000000	6.231955	2559	2855894016.000000
281474976710655.000000	6.364310	2560	2856926464.000000
281474976710655.000000	6.376279	2561	2857970432.000000
281474976710655.000000	6.303374	2562	2859002624.000000
281474976710655.000000	6.423176	2563	2860046848.000000
281474976710655.000000	6.364343	2564	2861079040.000000
281474976710655.000000	6.520688	2565	2862123264.000000
281474976710655.000000	6.563656	2566	2863155712.000000
281474976710655.000000	6.523863	2567	2864199680.000000
281474976710655.000000	6.548194	2568	2865232384.000000
281474976710655.000000	6.603178	2569	2866276352.000000
281474976710655.000000	6.598849	2570	2867308800.000000
281474976710655.000000	6.662646	2571	2868352512.000000
281474976710655.000000	6.711429	2572	2869385216.000000
281474976710655.000000	6.747664	2573	2870428928.000000
281474976710655.000000	6.787430	2574	2871462400.000000
281474976710655.000000	6.934022	2575	2872505088.000000
281474976710655.000000	6.689485	2576	2873538560.000000
281474976710655.000000	6.879133	2577	2874581504.000000
281474976710655.000000	6.954839	2578	2875616000.000000
281474976710655.000000	6.798186	2579	2876656896.000000
281474976710655.000000	6.951697	2580	2877692416.000000
281474976710655.000000	6.856085	2581	2878733568.000000
281474976710655.000000	7.008428	2582	2879769344.000000
