time (s)	energy (uJ)	charge (mC)	voltage (mV)	crossing#mod 255
3999.062927	48.091511	0.009078	5.297695	66
4000.092146	50.960896	0.009097	5.602182	67
4001.141952	49.204880	0.009095	5.410196	68
4002.169120	52.845627	0.009109	5.801184	69
4003.215256	50.806660	0.009108	5.577950	70
4004.248703	54.590736	0.009101	5.998088	71
4005.291840	50.441616	0.009112	5.535913	72
4006.325382	53.684879	0.009077	5.914320	73
4007.367589	53.173244	0.009091	5.848943	74
4008.403299	55.762611	0.009099	6.128493	75
4009.444755	53.869282	0.009124	5.904331	76
4010.478859	56.309422	0.009093	6.192902	77
4011.524232	54.519913	0.009083	6.002100	78
4012.554909	58.553295	0.009098	6.435593	79
4013.600046	55.806648	0.009105	6.129464	80
4014.632972	59.210735	0.009087	6.515913	81
4015.677396	57.020016	0.009091	6.272239	82
4016.707010	61.056263	0.009093	6.714736	83
4017.756958	56.852966	0.009067	6.270233	84
4018.781763	60.672718	0.009099	6.668137	85
4019.831710	60.316807	0.009091	6.634934	86
4020.859309	62.456509	0.009086	6.874063	87
4021.911058	59.394329	0.009088	6.535588	88
4022.937293	61.750774	0.009071	6.807192	89
4023.985115	61.344711	0.009095	6.744809	90
4025.017055	64.140373	0.009083	7.061886	91
4026.058930	60.484028	0.009069	6.669329	92
4027.094518	65.459084	0.009083	7.206549	93
4028.136085	63.395187	0.009085	6.977974	94
4029.174644	65.117096	0.009056	7.190513	95
4030.209320	64.305336	0.009055	7.101306	96
4031.252250	66.622353	0.009085	7.333500	97
4032.285896	66.078072	0.009089	7.270049	98
4033.331931	67.772308	0.009080	7.464006	99
4034.360608	66.581413	0.009098	7.317978	100
4035.406755	69.595642	0.009104	7.644269	101
4036.436696	66.712677	0.009078	7.348547	102
4037.483087	69.102104	0.009087	7.604605	103
4038.515155	68.042946	0.009081	7.492651	104
4039.560203	71.940323	0.009096	7.908703	105
4040.592804	68.098976	0.009073	7.506079	106
4041.635342	71.839104	0.009073	7.917617	107
4042.672238	70.609215	0.009090	7.767741	108
4043.700537	69.530685	0.009075	7.661679	109
4044.748827	72.090393	0.009092	7.929279	110
4045.788046	75.199387	0.009132	8.234701	111
4046.825563	73.022789	0.009079	8.042677	112
4047.865821	76.283287	0.009085	8.396442	113
4048.904009	74.479065	0.009088	8.194942	114
4049.942288	77.016594	0.009080	8.481840	115
4050.980172	75.346962	0.009089	8.290098	116
4052.019167	78.516579	0.009080	8.647515	117
4053.055170	76.155983	0.009083	8.384508	118
4054.097942	79.257217	0.009077	8.731412	119
4055.131125	78.352303	0.009093	8.616780	120
4056.175830	81.021919	0.009097	8.906282	121
4057.208798	79.419136	0.009086	8.740750	122
4058.252016	81.505844	0.009096	8.960184	123
4059.287322	81.440102	0.009102	8.947683	124
4060.330035	136.237244	0.009075	15.012061	125
4061.361982	81.928383	0.009089	9.013785	126
4062.406232	84.160110	0.009101	9.247121	127
4063.439939	82.793007	0.009083	9.114749	128
4064.481213	85.562363	0.009098	9.404316	129
4065.516749	82.648804	0.009072	9.110117	130
4066.557290	86.497971	0.009080	9.526628	131
4067.594626	83.865181	0.009079	9.237329	132
4068.633714	88.137627	0.009091	9.694762	133
4069.674247	85.420944	0.009097	9.390099	134
4070.709992	89.075989	0.009075	9.815584	135
4071.751661	85.461510	0.009083	9.409244	136
4072.783545	90.414848	0.009084	9.953475	137
4073.829626	86.470940	0.009083	9.520139	138
4074.859786	92.339920	0.009093	10.155086	139
4075.906123	87.238235	0.009093	9.594196	140
4076.937230	91.802864	0.009059	10.133950	141
4077.985284	89.051964	0.009090	9.796224	142
4079.015818	93.914093	0.009081	10.341782	143
4080.060721	89.997353	0.009080	9.911160	144
4081.091077	95.557243	0.009078	10.526558	145
4082.138547	91.055779	0.009082	10.025441	146
4083.168906	95.803444	0.009075	10.556998	147
4084.213208	92.228745	0.009099	10.136645	148
4085.246666	96.519714	0.009093	10.614210	149
4086.290706	93.518822	0.009071	10.310068	150
4087.321835	96.980919	0.009078	10.683108	151
4088.367111	93.548332	0.009083	10.298903	152
4089.399443	98.359421	0.009089	10.822324	153
4090.444842	94.151306	0.009070	10.380669	154
4091.475655	99.098434	0.009079	10.915685	155
4092.521264	95.376450	0.009076	10.508498	156
4093.553257	99.918488	0.009078	11.006616	157
4094.600910	95.607338	0.009071	10.540112	158
4095.631047	100.721382	0.009083	11.088791	159
4096.675809	96.774246	0.009077	10.660955	160
4097.706317	101.785660	0.009100	11.185150	161
4098.752322	98.025620	0.009100	10.772202	162
4099.785389	101.390846	0.009059	11.192778	163
4100.828670	98.272408	0.009088	10.812918	164
4101.860893	103.115143	0.009092	11.340899	165
4102.904883	99.064377	0.009094	10.892889	166
4103.938896	103.284615	0.009061	11.399081	167
4104.982130	99.661858	0.009088	10.965767	168
4106.018253	103.196518	0.009072	11.375227	169
4107.056750	100.327995	0.009052	11.083915	170
4108.097291	102.781052	0.009058	11.346499	171
4109.132115	104.601440	0.009100	11.494998	172
4110.175342	103.705650	0.009077	11.424831	173
4111.209984	102.506271	0.009080	11.289250	174
4112.252466	103.477638	0.009090	11.383797	175
4113.285566	103.323860	0.009073	11.387729	176
4114.329461	104.830177	0.009087	11.536292	177
4115.361730	104.376976	0.009073	11.504629	178
4116.405491	105.072487	0.009075	11.578473	179
4117.438268	104.940056	0.009088	11.547550	180
4118.482033	105.309509	0.009060	11.623946	181
4119.515949	105.227264	0.009075	11.595178	182
4120.559611	104.539833	0.009064	11.533507	183
4121.592321	107.980217	0.009094	11.874422	184
4122.635344	110.759666	0.009125	12.138021	185
4123.670904	105.424820	0.009076	11.615858	186
4124.712143	106.564217	0.009094	11.718707	187
4125.747699	105.828583	0.009067	11.672038	188
4126.790397	106.405937	0.009091	11.704782	189
4127.824632	106.151802	0.009067	11.707836	190
4128.866029	107.172638	0.009094	11.785131	191
4129.901599	106.390289	0.009067	11.734197	192
4130.942833	107.383698	0.009095	11.806649	193
4131.978268	106.305588	0.009075	11.714011	194
4133.020896	106.626198	0.009065	11.762044	195
4134.055043	107.237907	0.009071	11.822276	196
4135.097306	106.955559	0.009078	11.781687	197
