time (s)	energy (uJ)	charge (mC)	voltage (mV)	crossing#mod 255
5081.164951	48.645626	0.000208	233.805725	241
5082.185144	54.129120	0.000232	233.421921	242
5083.254807	49.631180	0.000213	232.988770	243
5084.271249	53.807339	0.000231	233.378601	244
5085.339304	49.636856	0.000212	233.952454	245
5086.357264	52.613338	0.000225	233.424347	246
5087.426306	52.828632	0.000226	233.738663	247
5088.439922	58.953651	0.000252	234.141342	248
5089.513814	51.286182	0.000220	233.593903	249
5090.525210	58.077496	0.000249	233.463745	250
5091.601372	83.234291	0.000357	233.403214	251
5092.609877	58.481380	0.000250	233.670578	252
5093.690314	54.435143	0.000234	232.728195	253
5094.697208	62.080837	0.000267	232.844894	254
5095.773672	52.316422	0.000224	233.368179	255
5096.784439	60.523800	0.000259	233.265671	0
5097.861843	87.062225	0.000373	233.281052	1
5098.869539	61.547115	0.000264	232.747681	2
5099.944785	55.884708	0.000239	233.692642	3
5100.950860	64.622063	0.000277	233.410919	4
5102.037972	60.897045	0.000262	232.601685	5
5103.037197	71.969696	0.000309	233.185822	6
5104.119377	54.957397	0.000236	233.259338	7
5105.120866	63.530022	0.000272	233.211319	8
5106.204000	55.530991	0.000238	232.919800	9
5107.206558	63.912277	0.000274	233.258270	10
5108.289199	53.113251	0.000227	233.729919	11
5109.290715	62.307255	0.000267	233.599487	12
5110.373000	55.683521	0.000239	233.429321	13
5111.377709	61.857464	0.000266	232.759003	14
5112.455035	87.806587	0.000377	233.207397	15
5113.457475	63.679184	0.000272	233.911102	16
5114.541873	53.812393	0.000231	233.359741	17
5115.543391	60.917778	0.000260	234.074753	18
5116.624689	83.935066	0.000360	233.283340	19
5117.628041	61.436077	0.000263	233.422989	20
5118.707788	55.788685	0.000240	232.512436	21
5119.711119	60.549442	0.000259	233.660477	22
5120.791996	69.184128	0.000297	232.753418	23
5121.795848	57.669464	0.000247	233.198029	24
5122.873494	56.047840	0.000240	233.667862	25
5123.878743	59.477467	0.000255	233.571564	26
5124.958709	69.551369	0.000298	233.330582	27
5125.961880	164.935364	0.000708	233.065018	28
5127.041677	50.966259	0.000218	233.766602	29
5128.047074	54.722748	0.000235	233.278809	30
5129.120709	53.699699	0.000230	233.450928	31
5130.128806	58.116184	0.000250	232.705856	32
5131.205410	50.430836	0.000216	233.180664	33
5132.212169	57.223595	0.000245	233.473099	34
5133.289701	49.187332	0.000211	233.228546	35
5134.295534	54.153549	0.000232	233.545883	36
5135.369045	51.901630	0.000223	233.254044	37
5136.378781	55.007912	0.000236	233.354004	38
5137.450999	49.163662	0.000211	233.207260	39
5138.461364	53.931099	0.000231	233.745468	40
5139.533388	49.056564	0.000210	233.608078	41
5140.545883	50.654114	0.000217	233.271851	42
5141.614967	49.507286	0.000212	233.413498	43
5142.627967	51.414726	0.000220	233.248154	44
5143.696272	47.932964	0.000206	232.806396	45
5144.710615	50.921894	0.000218	233.297531	46
5145.778061	101.127968	0.000434	233.058990	47
5146.794164	48.527393	0.000207	233.996841	48
5147.858107	47.310658	0.000202	233.818848	49
5148.875928	49.014996	0.000210	233.107758	50
5149.940153	46.871883	0.000201	233.409714	51
5150.960890	54.134968	0.000232	233.199234	52
5152.021613	44.509113	0.000191	233.407135	53
5153.042191	45.200096	0.000194	233.332870	54
5154.100949	45.839272	0.000196	233.666351	55
5155.123580	46.724285	0.000200	233.175095	56
5156.181631	45.600006	0.000195	233.682831	57
5157.207206	46.275604	0.000198	233.164368	58
5158.266440	43.325260	0.000185	233.587997	59
5159.286988	44.528221	0.000191	233.185196	60
5160.347039	182.124176	0.000780	233.597961	61
5161.369026	45.063892	0.000193	233.262207	62
5162.427532	61.123638	0.000262	233.101410	63
5163.449378	44.981678	0.000193	233.506638	64
5164.511478	41.552174	0.000178	233.256744	65
5165.531615	41.806866	0.000179	233.180511	66
5166.591221	42.483887	0.000182	233.295868	67
5167.610807	43.369938	0.000186	233.595551	68
5168.674051	41.279587	0.000177	233.123596	69
5169.693646	42.613087	0.000183	233.034073	70
5170.758996	39.525013	0.000170	232.610886	71
5171.774419	40.041348	0.000172	233.135834	72
5172.837459	40.074978	0.000171	233.729767	73
5173.854246	40.663761	0.000174	233.934052	74
5174.918951	39.112885	0.000167	233.815079	75
5175.934993	40.450954	0.000173	233.158325	76
5177.001046	38.012802	0.000163	233.263870	77
5178.015471	138.074051	0.000591	233.521118	78
5179.083167	38.791672	0.000166	233.314148	79
5180.095867	39.484001	0.000169	233.086761	80
5181.164366	37.584339	0.000161	233.225510	81
5182.177472	39.567501	0.000170	233.096268	82
5183.246159	35.986969	0.000154	233.424057	83
5184.258137	37.733154	0.000162	233.101410	84
5185.328027	37.051926	0.000159	233.458176	85
5186.339629	37.060524	0.000159	233.306290	86
5187.408828	65.081886	0.000279	233.098557	87
5188.419908	37.151463	0.000159	233.754379	88
5189.489640	34.802597	0.000149	233.130859	89
5190.499947	36.909840	0.000158	233.631622	90
5191.569026	36.438553	0.000156	233.552246	91
5192.580562	37.059864	0.000159	232.961899	92
5193.652488	44.662170	0.000192	232.764130	93
5194.663278	36.840767	0.000158	233.037384	94
5195.733553	34.328880	0.000147	232.742249	95
5196.742205	35.271893	0.000151	233.631622	96
5197.813404	135.864426	0.000582	233.624100	97
5198.824145	34.027870	0.000146	233.114395	98
5199.892193	34.204643	0.000147	233.228668	99
5200.903740	34.492241	0.000148	233.273819	100
5201.976487	32.305737	0.000139	232.420654	101
5202.985391	33.959484	0.000146	233.137482	102
5204.055004	32.073807	0.000138	233.122101	103
5205.067250	34.157589	0.000147	233.134476	104
5206.137146	31.793879	0.000136	233.240158	105
5207.148478	32.582787	0.000140	233.102020	106
5208.216811	31.817699	0.000136	233.224609	107
5209.229091	32.504528	0.000139	233.237137	108
5210.296339	31.138891	0.000134	233.166046	109
5211.309038	51.392056	0.000220	233.077103	110
5212.376983	31.171049	0.000134	233.473099	111
5213.390287	33.068901	0.000142	233.028336	112
5214.456580	32.240143	0.000138	233.317444	113
5215.471387	32.180981	0.000138	233.622131	114
5216.537168	31.565403	0.000135	233.525208	115
5217.553657	31.014063	0.000133	233.528976	116
5218.616104	30.429384	0.000130	233.468903	117
5219.634882	30.352901	0.000130	233.226578	118
5220.698330	29.734383	0.000128	233.025330	119
5221.714805	30.203785	0.000129	233.663345	120
5222.776321	30.776743	0.000132	233.548462	121
5223.797727	63.211227	0.000271	232.994080	122
5224.858143	29.464249	0.000126	233.427078	123
5225.877374	29.818987	0.000128	233.057175	124
5226.938595	28.705696	0.000123	233.481415	125
5227.958426	30.728504	0.000132	233.473434	126
5229.017291	29.627705	0.000127	233.508896	127
5230.040113	29.361479	0.000126	233.050232	128
5231.098095	29.458229	0.000126	233.037384	129
5232.121112	28.568388	0.000122	233.556900	130
5233.177245	28.605785	0.000122	233.581039	131
5234.201191	28.594690	0.000123	233.130096	132
5235.258814	53.665493	0.000231	232.725937	133
5236.282806	151.348450	0.000649	233.125259	134
5237.339194	26.997469	0.000116	232.728806	135
5238.361583	28.090311	0.000121	233.093704	136
5239.418214	27.762278	0.000119	233.487152	137
5240.442767	27.938490	0.000120	233.552979	138
5241.499334	27.659594	0.000119	233.114838	139
5242.523840	27.493605	0.000118	232.697098	140
5243.580887	27.314484	0.000117	233.475235	141
5244.602281	27.274036	0.000117	234.080475	142
5245.661658	26.850752	0.000115	233.517212	143
5246.683917	27.559090	0.000118	232.963867	144
5247.742125	26.942667	0.000115	233.363358	145
5248.761699	27.421843	0.000117	233.564453	146
5249.823517	26.547758	0.000114	233.011108	147
5250.841901	26.943758	0.000116	233.110916	148
5251.904479	25.998323	0.000111	233.259033	149
5252.923066	26.049709	0.000112	233.473862	150
5253.986030	25.732677	0.000111	232.858627	151
5255.003566	28.246380	0.000121	233.631180	152
5256.065705	25.747858	0.000110	233.457123	153
5257.081962	26.358484	0.000113	233.413025	154
5258.147076	26.309170	0.000113	233.091003	155
5259.162471	25.910801	0.000111	232.751602	156
5260.226727	26.138140	0.000112	233.462250	157
5261.241363	26.051807	0.000112	233.500900	158
5262.308245	25.182058	0.000108	233.284546	159
5263.322159	25.241821	0.000108	233.008560	160
5264.389004	24.682444	0.000106	233.244980	161
5265.401168	25.542295	0.000110	233.119217	162
5266.468576	24.884165	0.000107	233.464340	163
5267.483425	24.657673	0.000106	233.124359	164
5268.547654	25.364260	0.000109	233.567184	165
5269.563550	51.933308	0.000223	233.042084	166
5270.631174	24.199066	0.000104	232.906052	167
5271.644048	23.924198	0.000103	233.061859	168
5272.711482	25.065485	0.000108	232.569061	169
5273.724577	23.999296	0.000103	233.028931	170
5274.790693	24.318167	0.000104	233.681000	171
5275.805943	23.832752	0.000102	232.666000	172
5276.871346	24.477852	0.000105	232.586578	173
5277.884606	23.617382	0.000101	233.158325	174
5278.951035	24.511189	0.000105	233.453629	175
5279.964024	24.490469	0.000105	232.965073	176
5281.030356	23.818424	0.000102	233.153198	177
5282.044187	23.557302	0.000101	233.231094	178
5283.110335	23.363131	0.000100	233.132950	179
5284.124877	24.822121	0.000106	233.272018	180
5285.191133	23.462334	0.000100	233.486557	181
5286.205173	23.623533	0.000101	233.278351	182
5287.271734	23.129734	0.000099	233.379959	183
5288.285744	23.326790	0.000100	233.090836	184
5289.353084	30.516901	0.000131	233.568680	185
5290.367588	23.802492	0.000102	233.217957	186
5291.432431	86.055214	0.000369	232.956482	187
5292.446194	23.306520	0.000100	233.448364	188
5293.510713	22.879837	0.000098	233.416504	189
5294.529025	91.316727	0.000392	232.869354	190
5295.590688	38.626461	0.000166	232.946960	191
5296.608710	77.006401	0.000331	232.842484	192
5297.670993	100.970390	0.000433	233.340103	193
5298.689805	21.990316	0.000094	233.075287	194
5299.751758	21.784351	0.000093	233.115753	195
5300.770724	22.469641	0.000097	232.672028	196
5301.829273	22.721075	0.000098	232.674606	197
5302.850224	22.533815	0.000096	233.578186	198
5303.910624	88.898926	0.000381	233.076340	199
5304.932268	22.396992	0.000096	233.260406	200
5305.988729	22.284109	0.000096	233.005829	201
